21.3640632629
19.4372158051
18.4856643677
23.4246425629
21.1541023254
19.6004276276
22.8466377258
22.0271720886
21.1022758484
20.9463825226
20.4172363281
20.6483459473
15.8478469849
19.5887269974
17.5074968338
19.0268058777
18.2796535492
21.8175926208
21.4795761108
22.5292415619
23.040845871
23.3677062988
19.4473934174
19.365530014
21.3162651062
20.7950601578
22.8285388947
23.0229949951
17.9420967102
19.0691862106
15.0718355179
21.5826625824
22.8816576004
23.410320282
21.1861953735
21.6041221619
21.6688461304
22.6311016083
22.2236461639
21.8978099823
21.9862499237
15.5076646805
23.0797557831
22.5513744354
22.4107875824
21.679485321
21.7802639008
22.0080413818
23.1009349823
22.2974281311
23.1552467346
18.7206840515
16.7993659973
22.507226944
20.204580307
21.8338088989
22.9041080475
21.6055755615
20.3482704163
21.2906608582
19.3384399414
20.6828517914
21.4561595917
20.0597705841
20.5242462158
19.829158783
20.9693107605
21.304643631
16.5973949432
16.5099086761
20.4059257507
19.346124649
20.4759044647
21.7054901123
21.181848526
22.2938690186
22.9051456451
21.6921024323
23.3021469116
23.2316446304
23.1865272522
21.7831516266
21.3500289917
21.2068767548
22.7501983643
23.1752481461
22.0399703979
21.4690189362
22.2724323273
23.019651413
22.65924263
22.1806411743
23.0085849762
22.6236629486
20.4610214233
21.7278804779
22.4518928528
22.3884372711
23.6492156982
21.0792007446
23.359375
19.5703830719
23.1695194244
21.3022956848
23.3042964935
22.0087509155
21.4191226959
20.7004852295
21.6848678589
23.1464271545
16.2784767151
16.7779502869
23.3749237061
21.9811553955
21.8609542847
22.9170722961
23.3530406952
23.1760921478
23.3814258575
22.7435588837
23.5268936157
20.9513435364
22.9911193848
21.7706775665
22.7008781433
22.5191574097
18.6451473236
23.2566680908
23.0564689636
22.6074886322
19.3747138977
22.6063308716
22.8501586914
22.4883823395
22.2226791382
22.7776966095
23.5820827484
19.1180877686
21.3059768677
23.3132705688
23.2947292328
23.6283855438
23.5532131195
19.9027328491
21.9620189667
20.9390068054
19.1862316132
21.6354389191
23.3815803528
22.7308254242
21.1122207642
23.529504776
23.4619350433
23.3213481903
22.6256046295
21.9415493011
21.6560020447
23.0925273895
21.2385921478
23.6158428192
20.9737052917
20.5738887787
18.4143009186
22.8145313263
22.2896842957
19.2467517853
20.181634903
22.8650417328
23.2191371918
23.2059745789
21.3749523163
22.7532196045
22.9386501312
23.519323349
20.396024704
21.566072464
23.1927108765
23.0960788727
17.5970497131
22.9042301178
21.9918804169
22.9830703735
23.2708473206
22.8402767181
22.890296936
22.7547988892
23.1628398895
22.5161266327
22.8665981293
22.4075660706
22.7264156342
17.7421684265
19.2411499023
21.6174316406
18.8951702118
23.0807304382
22.3799324036
23.2842731476
17.6777744293
15.3518371582
22.552438736
17.4318218231
21.3500595093
20.2898921967
21.6913585663
20.2386245728
20.4934558868
17.0761127472
21.7563552856
18.5145359039
18.9525527954
17.5977210999
23.3128814697
23.0768203735
22.104642868
22.0331954956
21.5584220886
19.6416740417
20.515914917
20.730506897
21.3773040771
23.538433075
23.0179824829
17.6598434448
23.138710022
21.8200836182
21.4867744446
23.2312107086
19.3675308228
22.9226055145
21.720659256
19.105091095
22.1213092804
16.7389945984
23.1238021851
21.1006202698
20.5297813416
20.8515033722
21.5800914764
21.0375595093
17.8056755066
21.2683677673
21.0041160583
21.4000167847
17.3480072021
20.1808376312
21.6038532257
21.4226379395
22.6504154205
23.2494258881
23.2568378448
22.8912525177
23.03083992
20.5716171265
21.3761959076
19.8223724365
22.1884212494
23.3628692627
21.9318714142
20.2954597473
23.2855567932
20.8275699615
19.7994270325
23.2342948914
19.5756511688
22.6839237213
23.0668907166
22.877117157
23.148223877
22.9955596924
23.2712173462
22.5863780975
23.3342475891
22.6908836365
15.5216760635
22.2983779907
19.4785461426
20.4582214355
22.6966781616
20.7968635559
22.4085044861
22.5118522644
22.3336296082
23.1920623779
21.0755405426
22.8050289154
23.1361160278
22.9548377991
17.6335029602
21.566734314
21.8559131622
23.4706859589
23.3628444672
16.7348575592
18.9094429016
23.5731258392
23.3766078949
23.4773826599
23.6901702881
23.6851634979
23.2394886017
22.1869258881
23.2396240234
19.449306488
23.2679233551
23.2632217407
23.5157871246
19.0496559143
23.2401008606
22.030298233
23.1819667816
23.4836483002
21.3620567322
23.3644065857
22.3211803436
23.4275970459
23.54438591
20.4837093353
19.2420978546
21.468252182
17.3944339752
22.4727268219
22.1761112213
22.0835418701
20.0673732758
21.8223876953
21.661359787
20.7739887238
20.7085838318
21.0805053711
21.9297103882
18.9135818481
18.6579971313
23.1682128906
23.6449108124
21.9228477478
17.5021133423
22.0413608551
19.1584682465
19.8701381683
20.6960887909
21.153087616
19.6433010101
21.9909629822
22.5307331085
21.9566631317
23.1731357574
22.1468429565
22.6117534637
23.5602664948
16.0831604004
19.711473465
22.6473617554
21.4576225281
18.904876709
21.722782135
19.6026630402
16.4592266083
21.5614452362
22.9156131744
22.8421077728
22.5477771759
21.9538059235
21.6740970612
23.6096076965
20.7806167603
17.3969955444
23.5951099396
23.410736084
18.3625030518
23.0805454254
21.0925445557
22.5484771729
17.4284725189
17.0383071899
18.4101676941
18.3763618469
20.260307312
21.6211032867
21.6719264984
20.6554698944
23.411901474
22.0152549744
23.3319454193
20.1420001984
21.4617404938
19.7100105286
22.268321991
23.3253536224
21.7504768372
21.9348545074
21.3610954285
22.3535423279
21.2866821289
23.2137584686
23.3772754669
19.2295379639
20.5157642365
18.9540195465
16.9903717041
20.4393081665
20.1121101379
23.4420413971
16.1275997162
19.978849411
17.6617622375
20.9513835907
18.7527885437
20.6052074432
20.1377601624
20.3009548187
19.7578201294
19.73579216
16.4524440765
20.719493866
21.5572814941
23.6252841949
23.4718799591
22.7020015717
21.8555145264
20.7056808472
22.4147510529
23.1701145172
22.2039356232
19.7143154144
19.5718345642
19.4330215454
23.57787323
22.7908935547
23.1640434265
22.8743915558
15.8457803726
22.5821666718
21.9346656799
22.9285640717
20.1936283112
21.6562919617
15.6695661545
21.4574356079
22.6767024994
21.0012130737
20.6727695465
21.9730415344
23.0594787598
22.7943878174
22.5055446625
21.9549674988
22.37159729
21.2294902802
22.1785812378
21.6829376221
22.9654159546
22.3985519409
21.3868026733
22.5734577179
21.4284820557
23.4449634552
23.1716899872
22.3083744049
17.445602417
21.3376064301
19.2487812042
15.0622873306
23.3847103119
22.2044124603
21.6579666138
22.292016983
22.1481971741
20.9012489319
19.8184394836
22.1336307526
23.1924991608
22.0322437286
22.2856445312
22.7834644318
22.692817688
22.059627533
23.4421367645
22.9086303711
22.4131565094
22.9277477264
23.109413147
23.3964729309
23.1340885162
23.0790252686
22.9132728577
23.0707912445
23.3588638306
21.9585971832
22.1194133759
22.6405410767
21.6290435791
22.0262241364
23.4795761108
23.3045806885
23.0257358551
22.6703243256
22.4335823059
23.4078121185
23.1498832703
23.3670196533
22.1201839447
23.2279701233
21.3098545074
23.5266628265
21.5259113312
23.462884903
21.8387012482
22.7466583252
21.5288543701
20.2584857941
21.9125976562
22.9945602417
23.0658836365
23.07396698
22.9036102295
22.9179210663
21.5839481354
22.8495464325
23.1905612946
21.2284564972
23.4801273346
23.1160049438
23.2356243134
23.2062492371
23.1812477112
21.743806839
23.1110172272
23.5128631592
23.4446372986
23.3869495392
23.3591346741
23.291601181
23.5332450867
23.1756000519
22.5604858398
21.4362945557
22.7617435455
21.5345420837
22.8210639954
19.3595085144
21.457075119
20.5353336334
21.0779056549
20.7839317322
17.6613445282
23.3118152618
19.0902557373
20.2984485626
17.0419158936
20.6718215942
23.223991394
23.1924705505
23.0589790344
23.2267990112
22.7214698792
23.2929077148
18.2332496643
20.8875484467
19.08644104
16.8111686707
21.5274047852
22.9127578735
22.8139438629
22.8124694824
21.3176746368
20.0089435577
22.6897182465
20.8565559387
22.9751548767
22.0850982666
21.330286026
21.4801425934
18.8985080719
23.0743694305
20.6441268921
21.950466156
22.9580097198
19.2121562958
21.4770259857
22.5232143402
21.563999176
21.2221698761
23.1659088135
22.3724403381
22.6790428162
22.0104789734
22.1199645996
22.8583011627
23.299621582
22.3484954834
23.2301750183
23.3502025604
22.6147041321
22.8520565033
21.3009433746
22.6487560272
22.8192195892
21.4614887238
22.4018154144
20.8345375061
23.1708297729
23.4083003998
23.3191127777
22.796295166
22.2453079224
15.4587135315
21.6118583679
22.7391490936
22.3093948364
22.0148029327
23.0820350647
22.678024292
23.4233417511
22.9458522797
22.8070526123
20.0571899414
18.1292991638
23.1792507172
22.9452934265
22.0301437378
21.3791179657
23.3708381653
23.2010765076
18.8269920349
22.3647861481
22.0700798035
15.2075891495
21.4647121429
16.7606811523
22.5383605957
23.3518676758
20.2976322174
22.5819015503
22.0874099731
17.8985462189
22.9349308014
18.1953010559
20.0604877472
21.4271564484
16.8624134064
23.4758625031
22.0031890869
19.9281101227
18.0769309998
23.3385887146
23.4651222229
21.3095359802
21.5412330627
22.8573093414
22.4398155212
22.8792915344
22.592792511
22.56615448
22.6684703827
23.2284698486
23.6134204865
23.6708812714
23.4770774841
23.392911911
23.4996757507
23.3496131897
22.163684845
22.1926803589
22.1811656952
22.023141861
21.8312511444
23.0363464355
20.9526844025
20.1221923828
22.0627861023
16.1348056793
22.4847488403
22.7781124115
18.9915046692
19.7577667236
22.540687561
21.8339328766
23.3782176971
22.5030250549
19.4573402405
22.0046691895
22.4401721954
23.1730899811
23.1927547455
23.1438541412
23.5362129211
23.2349739075
23.4796218872
22.9117012024
19.0614585876
23.4450130463
22.970582962
22.7658061981
23.2878913879
