14.69  0.00  0.52 11173700000000
21.38  0.03  0.52 11173700000001
21.35  0.03  0.57 11173700000001
21.39  0.03  0.68 11173700000001
21.35  0.03  0.59 11173700000001
21.36  0.02  0.73 11173700000001
21.35  0.02  0.94 11173700000001
19.44  0.01  0.52 11173700000002
19.45  0.01  0.57 11173700000002
19.44  0.01  0.68 11173700000002
19.44  0.01  0.59 11173700000002
19.44  0.01  0.73 11173700000002
19.43  0.01  0.94 11173700000002
18.49  0.00  0.57 11173700000004
18.48  0.00  0.68 11173700000004
18.49  0.00  0.59 11173700000004
18.49  0.00  0.73 11173700000004
18.47  0.00  0.94 11173700000004
23.12  0.12  0.57 11173700000005
23.24  0.13  0.68 11173700000005
23.29  0.15  0.59 11173700000005
23.42  0.15  0.73 11173700000005
23.51  0.14  0.94 11173700000005
21.14  0.03  0.52 11173700000006
21.15  0.02  0.57 11173700000006
21.19  0.02  0.68 11173700000006
21.13  0.02  0.59 11173700000006
21.15  0.02  0.73 11173700000006
21.17  0.02  0.94 11173700000006
19.60  0.01  0.52 11173700000012
19.61  0.01  0.57 11173700000012
19.60  0.01  0.68 11173700000012
19.62  0.01  0.59 11173700000012
19.60  0.01  0.73 11173700000012
19.60  0.01  0.94 11173700000012
22.89  0.12  0.52 11173700000013
22.82  0.09  0.57 11173700000013
22.80  0.09  0.68 11173700000013
22.78  0.09  0.59 11173700000013
22.85  0.08  0.73 11173700000013
23.01  0.09  0.94 11173700000013
21.91  0.05  0.52 11173700000015
21.99  0.04  0.63 11173700000015
22.02  0.05  0.68 11173700000015
22.01  0.05  0.59 11173700000015
22.03  0.04  0.73 11173700000015
21.88  0.03  0.94 11173700000015
20.66  0.01  0.63 11173700000016
20.63  0.01  0.68 11173700000016
20.62  0.01  0.59 11173700000016
20.62  0.01  0.94 11173700000016
21.10  0.02  0.52 11173700000017
21.09  0.02  0.63 11173700000017
21.13  0.02  0.68 11173700000017
21.08  0.02  0.59 11173700000017
21.10  0.02  0.73 11173700000017
21.13  0.02  0.94 11173700000017
20.90  0.02  0.33 11173700000019
20.93  0.02  0.52 11173700000019
20.89  0.02  0.63 11173700000019
20.90  0.02  0.57 11173700000019
20.93  0.02  0.68 11173700000019
20.91  0.02  0.59 11173700000019
20.95  0.02  0.73 11173700000019
20.93  0.02  0.94 11173700000019
20.45  0.02  0.33 11173700000021
20.40  0.01  0.52 11173700000021
20.42  0.01  0.63 11173700000021
20.41  0.01  0.57 11173700000021
20.41  0.01  0.68 11173700000021
20.41  0.01  0.59 11173700000021
20.42  0.01  0.73 11173700000021
20.42  0.01  0.94 11173700000021
23.04  0.11  0.63 11173700000022
22.97  0.11  0.57 11173700000022
23.41  0.13  0.94 11173700000022
20.66  0.02  0.33 11173700000023
20.63  0.02  0.52 11173700000023
20.67  0.01  0.63 11173700000023
20.63  0.01  0.68 11173700000023
20.68  0.02  0.59 11173700000023
20.65  0.01  0.73 11173700000023
20.67  0.01  0.94 11173700000023
14.69  0.00  0.33 11173700000024
15.88  0.00  0.33 11173700000025
15.88  0.00  0.52 11173700000025
15.88  0.00  0.63 11173700000025
15.88  0.00  0.57 11173700000025
15.88  0.00  0.68 11173700000025
15.89  0.00  0.59 11173700000025
15.85  0.00  0.73 11173700000025
15.88  0.00  0.94 11173700000025
19.60  0.01  0.52 11173700000028
19.62  0.01  0.57 11173700000028
19.60  0.01  0.68 11173700000028
19.60  0.01  0.85 11173700000028
19.61  0.01  0.59 11173700000028
19.58  0.01  0.73 11173700000028
19.61  0.01  0.94 11173700000028
17.51  0.00  0.57 11173700000030
17.51  0.00  0.68 11173700000030
17.51  0.00  0.85 11173700000030
17.51  0.00  0.59 11173700000030
17.51  0.00  0.73 11173700000030
17.51  0.00  0.94 11173700000030
19.04  0.00  0.57 11173700000032
19.03  0.00  0.68 11173700000032
19.03  0.00  0.85 11173700000032
19.03  0.00  0.59 11173700000032
19.03  0.00  0.73 11173700000032
19.04  0.00  0.94 11173700000032
18.28  0.00  0.57 11173700000034
18.28  0.00  0.68 11173700000034
18.28  0.00  0.85 11173700000034
18.27  0.00  0.59 11173700000034
18.28  0.00  0.73 11173700000034
18.29  0.00  0.94 11173700000034
21.76  0.04  0.52 11173700000036
21.80  0.04  0.57 11173700000036
21.83  0.04  0.68 11173700000036
21.77  0.04  0.59 11173700000036
21.82  0.04  0.73 11173700000036
21.79  0.03  0.94 11173700000036
21.55  0.04  0.33 11173700000037
21.55  0.03  0.48 11173700000037
21.52  0.04  0.52 11173700000037
21.54  0.03  0.63 11173700000037
21.52  0.03  0.57 11173700000037
21.51  0.03  0.68 11173700000037
21.49  0.03  0.59 11173700000037
21.48  0.03  0.73 11173700000037
21.54  0.03  0.94 11173700000037
15.03  0.00  0.52 11173700000038
22.34  0.07  0.33 11173700000040
22.60  0.09  0.52 11173700000040
22.54  0.07  0.63 11173700000040
22.53  0.07  0.57 11173700000040
22.50  0.07  0.68 11173700000040
22.51  0.07  0.59 11173700000040
22.53  0.07  0.73 11173700000040
22.59  0.06  0.94 11173700000040
14.50  0.00  0.33 11173700000043
20.21  0.01  0.33 11173700000045
20.23  0.01  0.94 11173700000045
22.92  0.13  0.33 11173700000047
23.11  0.12  0.63 11173700000047
23.21  0.14  0.68 11173700000047
23.06  0.13  0.59 11173700000047
23.04  0.10  0.73 11173700000047
23.25  0.13  0.94 11173700000047
21.85  0.04  0.57 11173700000049
21.86  0.04  0.68 11173700000049
21.81  0.04  0.59 11173700000049
21.86  0.04  0.94 11173700000049
23.05  0.13  0.52 11173700000053
23.45  0.16  0.68 11173700000053
23.37  0.14  0.85 11173700000053
23.27  0.14  0.59 11173700000053
23.57  0.14  0.94 11173700000053
14.94  0.00  0.52 11173700000054
19.45  0.01  0.52 11173700000057
19.46  0.01  0.57 11173700000057
19.47  0.01  0.68 11173700000057
19.45  0.01  0.85 11173700000057
19.48  0.01  0.59 11173700000057
19.45  0.01  0.73 11173700000057
19.45  0.01  0.94 11173700000057
19.36  0.01  0.52 11173700000058
19.35  0.01  0.57 11173700000058
19.38  0.01  0.68 11173700000058
19.37  0.01  0.85 11173700000058
19.38  0.01  0.59 11173700000058
19.37  0.01  0.73 11173700000058
19.37  0.01  0.94 11173700000058
21.34  0.03  0.52 11173700000059
21.34  0.03  0.57 11173700000059
21.32  0.02  0.68 11173700000059
21.32  0.02  0.85 11173700000059
21.33  0.03  0.59 11173700000059
21.31  0.02  0.73 11173700000059
21.32  0.02  0.94 11173700000059
20.85  0.02  0.52 11173700000060
20.78  0.02  0.57 11173700000060
20.76  0.02  0.68 11173700000060
20.80  0.02  0.85 11173700000060
20.80  0.02  0.59 11173700000060
20.79  0.02  0.73 11173700000060
20.86  0.01  0.94 11173700000060
22.69  0.09  0.52 11173700000062
22.82  0.09  0.57 11173700000062
22.92  0.10  0.68 11173700000062
22.76  0.09  0.59 11173700000062
22.83  0.09  0.73 11173700000062
22.95  0.08  0.94 11173700000062
23.07  0.11  0.57 11173700000065
23.23  0.12  0.68 11173700000065
23.02  0.11  0.73 11173700000065
23.59  0.20  0.94 11173700000065
17.95  0.00  0.57 11173700000066
17.94  0.00  0.68 11173700000066
17.95  0.00  0.59 11173700000066
17.94  0.00  0.73 11173700000066
17.95  0.00  0.94 11173700000066
19.08  0.01  0.52 11173700000067
19.07  0.00  0.57 11173700000067
19.08  0.00  0.68 11173700000067
19.07  0.00  0.85 11173700000067
19.08  0.00  0.59 11173700000067
19.07  0.00  0.73 11173700000067
19.07  0.00  0.94 11173700000067
22.71  0.11  0.33 11173700000072
22.99  0.11  0.48 11173700000072
22.73  0.08  0.57 11173700000072
23.05  0.12  0.59 11173700000072
23.06  0.09  0.94 11173700000072
15.07  0.00  0.33 11173700000073
15.07  0.00  0.73 11173700000073
15.10  0.00  0.52 11173700000074
15.11  0.00  0.57 11173700000074
21.63  0.03  0.57 11173700000075
21.62  0.03  0.68 11173700000075
21.62  0.03  0.59 11173700000075
21.58  0.03  0.73 11173700000075
21.63  0.03  0.94 11173700000075
22.80  0.10  0.48 11173700000077
22.83  0.11  0.52 11173700000077
22.72  0.08  0.57 11173700000077
22.88  0.09  0.68 11173700000077
22.85  0.09  0.85 11173700000077
22.91  0.10  0.73 11173700000077
22.88  0.07  0.94 11173700000077
23.26  0.14  0.57 11173700000081
23.44  0.16  0.68 11173700000081
23.48  0.16  0.85 11173700000081
23.29  0.15  0.59 11173700000081
23.34  0.14  0.73 11173700000081
23.29  0.11  0.94 11173700000081
20.50  0.01  0.57 11173700000082
20.52  0.01  0.68 11173700000082
20.52  0.01  0.59 11173700000082
20.49  0.01  0.94 11173700000082
21.01  0.02  0.57 11173700000083
21.00  0.02  0.68 11173700000083
21.00  0.02  0.59 11173700000083
21.00  0.02  0.94 11173700000083
21.13  0.02  0.57 11173700000084
21.17  0.02  0.68 11173700000084
21.17  0.02  0.59 11173700000084
21.19  0.02  0.73 11173700000084
21.17  0.02  0.94 11173700000084
21.61  0.03  0.48 11173700000087
21.65  0.03  0.57 11173700000087
21.63  0.03  0.68 11173700000087
21.62  0.03  0.59 11173700000087
21.60  0.03  0.73 11173700000087
21.62  0.02  0.94 11173700000087
21.66  0.03  0.57 11173700000092
21.69  0.03  0.68 11173700000092
21.71  0.03  0.59 11173700000092
21.67  0.03  0.73 11173700000092
21.76  0.03  0.94 11173700000092
22.45  0.09  0.33 11173700000093
22.51  0.07  0.48 11173700000093
22.53  0.07  0.57 11173700000093
22.74  0.08  0.68 11173700000093
22.64  0.08  0.59 11173700000093
22.63  0.08  0.73 11173700000093
22.19  0.05  0.57 11173700000095
22.16  0.05  0.68 11173700000095
22.17  0.05  0.59 11173700000095
22.22  0.05  0.73 11173700000095
22.21  0.04  0.94 11173700000095
21.99  0.04  0.57 11173700000096
21.89  0.04  0.68 11173700000096
21.93  0.04  0.59 11173700000096
21.90  0.04  0.73 11173700000096
21.86  0.03  0.94 11173700000096
21.96  0.06  0.33 11173700000097
21.95  0.04  0.48 11173700000097
21.96  0.04  0.57 11173700000097
21.96  0.04  0.68 11173700000097
21.96  0.04  0.59 11173700000097
21.99  0.04  0.73 11173700000097
21.93  0.03  0.94 11173700000097
15.50  0.00  0.57 11173700000100
15.51  0.00  0.68 11173700000100
15.51  0.00  0.59 11173700000100
15.51  0.00  0.73 11173700000100
23.43  0.20  0.33 11173700000101
22.76  0.09  0.48 11173700000101
22.97  0.11  0.63 11173700000101
23.20  0.12  0.68 11173700000101
22.95  0.10  0.59 11173700000101
23.08  0.12  0.73 11173700000101
22.88  0.07  0.94 11173700000101
22.43  0.08  0.33 11173700000104
22.39  0.06  0.48 11173700000104
22.40  0.06  0.63 11173700000104
22.49  0.06  0.68 11173700000104
22.63  0.08  0.59 11173700000104
22.55  0.07  0.73 11173700000104
22.38  0.05  0.94 11173700000104
22.52  0.09  0.33 11173700000106
22.36  0.06  0.48 11173700000106
22.35  0.06  0.63 11173700000106
22.52  0.07  0.68 11173700000106
22.56  0.07  0.59 11173700000106
22.41  0.06  0.73 11173700000106
22.45  0.05  0.94 11173700000106
21.76  0.04  0.63 11173700000108
21.79  0.04  0.57 11173700000108
21.86  0.04  0.68 11173700000108
21.73  0.03  0.59 11173700000108
21.68  0.03  0.73 11173700000108
21.79  0.03  0.94 11173700000108
21.87  0.05  0.33 11173700000110
21.81  0.04  0.48 11173700000110
21.80  0.04  0.68 11173700000110
21.80  0.04  0.59 11173700000110
21.78  0.04  0.73 11173700000110
21.82  0.03  0.94 11173700000110
22.00  0.06  0.33 11173700000112
22.03  0.05  0.48 11173700000112
22.07  0.05  0.68 11173700000112
22.06  0.05  0.59 11173700000112
22.01  0.04  0.73 11173700000112
22.04  0.04  0.94 11173700000112
22.83  0.12  0.33 11173700000116
22.94  0.11  0.48 11173700000116
22.79  0.09  0.63 11173700000116
23.06  0.11  0.57 11173700000116
22.87  0.09  0.68 11173700000116
22.88  0.10  0.59 11173700000116
23.10  0.12  0.73 11173700000116
23.00  0.08  0.94 11173700000116
22.25  0.07  0.33 11173700000117
22.28  0.06  0.48 11173700000117
22.39  0.06  0.57 11173700000117
22.26  0.05  0.68 11173700000117
22.32  0.06  0.59 11173700000117
22.30  0.06  0.73 11173700000117
22.26  0.04  0.94 11173700000117
23.00  0.11  0.48 11173700000118
23.26  0.14  0.63 11173700000118
22.95  0.10  0.57 11173700000118
23.26  0.13  0.68 11173700000118
23.25  0.13  0.59 11173700000118
23.16  0.12  0.73 11173700000118
23.26  0.10  0.94 11173700000118
18.72  0.00  0.48 11173700000120
18.74  0.00  0.68 11173700000120
18.73  0.00  0.59 11173700000120
18.72  0.00  0.73 11173700000120
18.74  0.00  0.94 11173700000120
16.81  0.00  0.48 11173700000121
16.82  0.00  0.68 11173700000121
16.81  0.00  0.59 11173700000121
16.80  0.00  0.73 11173700000121
16.81  0.00  0.94 11173700000121
22.48  0.07  0.48 11173700000122
22.53  0.07  0.57 11173700000122
22.44  0.06  0.68 11173700000122
22.38  0.06  0.59 11173700000122
22.51  0.07  0.73 11173700000122
22.57  0.06  0.94 11173700000122
20.22  0.01  0.33 11173700000123
20.22  0.01  0.68 11173700000123
20.23  0.01  0.59 11173700000123
20.20  0.01  0.73 11173700000123
20.23  0.01  0.94 11173700000123
21.84  0.05  0.33 11173700000124
21.82  0.04  0.57 11173700000124
21.87  0.04  0.68 11173700000124
21.82  0.04  0.59 11173700000124
21.83  0.04  0.73 11173700000124
21.82  0.03  0.94 11173700000124
22.86  0.12  0.33 11173700000126
22.76  0.09  0.48 11173700000126
22.70  0.08  0.63 11173700000126
22.65  0.08  0.57 11173700000126
22.66  0.08  0.68 11173700000126
22.89  0.10  0.59 11173700000126
22.90  0.09  0.73 11173700000126
22.76  0.07  0.94 11173700000126
21.64  0.03  0.63 11173700000128
21.62  0.03  0.57 11173700000128
21.59  0.03  0.68 11173700000128
21.60  0.03  0.59 11173700000128
21.61  0.03  0.73 11173700000128
21.58  0.02  0.94 11173700000128
20.36  0.01  0.33 11173700000132
20.37  0.01  0.68 11173700000132
20.36  0.01  0.59 11173700000132
20.35  0.01  0.73 11173700000132
20.38  0.01  0.94 11173700000132
21.31  0.03  0.33 11173700000133
21.28  0.02  0.48 11173700000133
21.27  0.02  0.63 11173700000133
21.26  0.02  0.57 11173700000133
21.29  0.02  0.73 11173700000133
21.95  0.05  0.33 11173700000138
21.95  0.04  0.48 11173700000138
22.11  0.05  0.57 11173700000138
21.89  0.04  0.68 11173700000138
22.04  0.04  0.59 11173700000138
21.99  0.03  0.94 11173700000138
21.03  0.02  0.33 11173700000140
21.02  0.02  0.48 11173700000140
21.03  0.02  0.57 11173700000140
21.00  0.02  0.68 11173700000140
21.02  0.02  0.59 11173700000140
21.03  0.02  0.94 11173700000140
17.49  0.00  0.33 11173700000144
17.48  0.00  0.48 11173700000144
17.48  0.00  0.68 11173700000144
17.48  0.00  0.59 11173700000144
17.48  0.00  0.94 11173700000144
21.63  0.04  0.33 11173700000148
21.68  0.04  0.48 11173700000148
21.64  0.03  0.57 11173700000148
21.63  0.03  0.68 11173700000148
21.65  0.03  0.59 11173700000148
21.69  0.03  0.94 11173700000148
20.56  0.01  0.48 11173700000150
20.57  0.01  0.57 11173700000150
20.58  0.01  0.68 11173700000150
20.55  0.01  0.59 11173700000150
20.55  0.01  0.94 11173700000150
19.55  0.01  0.48 11173700000151
19.54  0.01  0.57 11173700000151
19.54  0.01  0.68 11173700000151
19.54  0.01  0.59 11173700000151
19.53  0.01  0.94 11173700000151
20.29  0.01  0.48 11173700000152
20.29  0.01  0.57 11173700000152
20.27  0.01  0.68 11173700000152
20.29  0.01  0.59 11173700000152
20.29  0.01  0.94 11173700000152
21.10  0.03  0.33 11173700000156
21.13  0.02  0.48 11173700000156
21.12  0.02  0.57 11173700000156
21.07  0.02  0.68 11173700000156
21.08  0.02  0.59 11173700000156
21.11  0.02  0.94 11173700000156
21.10  0.03  0.33 11173700000159
21.11  0.02  0.48 11173700000159
21.11  0.02  0.57 11173700000159
21.10  0.02  0.68 11173700000159
21.09  0.02  0.59 11173700000159
21.09  0.02  0.94 11173700000159
21.44  0.03  0.33 11173700000161
21.41  0.03  0.48 11173700000161
21.43  0.03  0.57 11173700000161
21.42  0.03  0.68 11173700000161
21.38  0.03  0.59 11173700000161
21.45  0.02  0.94 11173700000161
22.04  0.06  0.33 11173700000162
22.08  0.05  0.48 11173700000162
21.96  0.05  0.57 11173700000162
22.05  0.04  0.68 11173700000162
21.99  0.04  0.59 11173700000162
21.99  0.03  0.94 11173700000162
18.36  0.00  0.33 11173700000164
18.37  0.00  0.48 11173700000164
18.37  0.00  0.57 11173700000164
18.36  0.00  0.68 11173700000164
18.36  0.00  0.59 11173700000164
18.38  0.00  0.94 11173700000164
22.03  0.05  0.57 11173700000165
22.11  0.05  0.68 11173700000165
21.99  0.04  0.59 11173700000165
21.93  0.03  0.94 11173700000165
14.89  0.00  0.33 11173700000166
14.84  0.00  0.33 11173700000167
14.81  0.00  0.33 11173700000168
23.06  0.11  0.68 11173700000169
22.82  0.09  0.59 11173700000169
22.94  0.08  0.94 11173700000169
23.35  0.16  0.48 11173700000175
23.31  0.14  0.68 11173700000175
23.46  0.17  0.59 11173700000175
23.21  0.11  0.94 11173700000175
23.01  0.14  0.33 11173700000177
23.19  0.14  0.48 11173700000177
23.26  0.14  0.57 11173700000177
23.41  0.15  0.68 11173700000177
23.30  0.14  0.59 11173700000177
15.06  0.00  0.33 11173700000179
22.48  0.08  0.33 11173700000181
22.51  0.07  0.48 11173700000181
22.40  0.06  0.68 11173700000181
22.52  0.07  0.59 11173700000181
22.53  0.05  0.94 11173700000181
19.32  0.01  0.33 11173700000183
19.33  0.01  0.48 11173700000183
19.33  0.01  0.57 11173700000183
19.34  0.01  0.68 11173700000183
19.34  0.01  0.59 11173700000183
19.34  0.01  0.73 11173700000183
19.33  0.00  0.94 11173700000183
20.69  0.02  0.33 11173700000187
20.69  0.02  0.48 11173700000187
20.68  0.01  0.57 11173700000187
20.68  0.01  0.68 11173700000187
20.66  0.01  0.59 11173700000187
20.68  0.01  0.73 11173700000187
20.69  0.01  0.94 11173700000187
21.43  0.03  0.33 11173700000188
21.47  0.03  0.48 11173700000188
21.44  0.03  0.57 11173700000188
21.45  0.03  0.68 11173700000188
21.43  0.03  0.59 11173700000188
21.46  0.03  0.73 11173700000188
21.47  0.02  0.94 11173700000188
20.83  0.02  0.33 11173700000189
20.86  0.02  0.68 11173700000189
20.87  0.02  0.59 11173700000189
20.87  0.01  0.94 11173700000189
20.95  0.02  0.33 11173700000192
20.89  0.02  0.48 11173700000192
20.92  0.02  0.57 11173700000192
20.95  0.02  0.68 11173700000192
20.93  0.02  0.59 11173700000192
20.91  0.01  0.94 11173700000192
20.06  0.01  0.33 11173700000195
20.07  0.01  0.48 11173700000195
20.05  0.01  0.68 11173700000195
20.06  0.01  0.59 11173700000195
20.06  0.01  0.73 11173700000195
20.04  0.01  0.94 11173700000195
20.51  0.02  0.33 11173700000198
20.49  0.01  0.48 11173700000198
20.50  0.01  0.68 11173700000198
20.47  0.01  0.59 11173700000198
20.52  0.01  0.73 11173700000198
20.50  0.01  0.94 11173700000198
19.78  0.01  0.33 11173700000199
19.85  0.01  0.48 11173700000199
19.83  0.01  0.57 11173700000199
19.82  0.01  0.68 11173700000199
19.84  0.01  0.59 11173700000199
19.83  0.01  0.73 11173700000199
19.86  0.01  0.94 11173700000199
20.20  0.01  0.33 11173700000200
20.19  0.01  0.48 11173700000200
20.20  0.01  0.57 11173700000200
20.20  0.01  0.68 11173700000200
20.19  0.01  0.59 11173700000200
20.18  0.01  0.94 11173700000200
21.05  0.02  0.33 11173700000201
21.01  0.02  0.48 11173700000201
20.99  0.02  0.57 11173700000201
21.00  0.02  0.68 11173700000201
20.97  0.02  0.59 11173700000201
20.97  0.02  0.73 11173700000201
20.99  0.02  0.94 11173700000201
21.30  0.03  0.33 11173700000203
21.30  0.03  0.48 11173700000203
21.31  0.02  0.57 11173700000203
21.32  0.02  0.68 11173700000203
21.31  0.03  0.59 11173700000203
21.30  0.02  0.73 11173700000203
21.28  0.02  0.94 11173700000203
16.60  0.00  0.57 11173700000205
16.59  0.00  0.68 11173700000205
16.60  0.00  0.59 11173700000205
16.60  0.00  0.73 11173700000205
16.59  0.00  0.94 11173700000205
16.50  0.00  0.33 11173700000207
16.50  0.00  0.48 11173700000207
16.51  0.00  0.52 11173700000207
16.50  0.00  0.63 11173700000207
16.50  0.00  0.57 11173700000207
16.49  0.00  0.68 11173700000207
16.51  0.00  0.59 11173700000207
16.51  0.00  0.73 11173700000207
16.50  0.00  0.94 11173700000207
20.56  0.02  0.33 11173700000208
20.56  0.01  0.48 11173700000208
20.56  0.02  0.52 11173700000208
20.55  0.01  0.63 11173700000208
20.54  0.01  0.57 11173700000208
20.56  0.01  0.68 11173700000208
20.54  0.01  0.59 11173700000208
20.55  0.01  0.94 11173700000208
20.42  0.02  0.33 11173700000209
20.41  0.01  0.52 11173700000209
20.43  0.01  0.57 11173700000209
20.43  0.01  0.68 11173700000209
20.41  0.01  0.59 11173700000209
20.41  0.01  0.73 11173700000209
20.42  0.01  0.94 11173700000209
15.04  0.00  0.33 11173700000212
15.04  0.00  0.52 11173700000212
17.38  0.00  0.33 11173700000214
17.38  0.00  0.68 11173700000214
17.38  0.00  0.59 11173700000214
17.38  0.00  0.94 11173700000214
22.97  0.11  0.57 11173700000215
23.24  0.12  0.68 11173700000215
23.07  0.11  0.59 11173700000215
23.11  0.08  0.94 11173700000215
18.72  0.00  0.33 11173700000216
18.73  0.00  0.68 11173700000216
18.73  0.00  0.59 11173700000216
18.73  0.00  0.94 11173700000216
23.76  0.16  0.94 11173700000217
21.48  0.03  0.48 11173700000218
21.40  0.03  0.57 11173700000218
21.43  0.03  0.68 11173700000218
21.46  0.03  0.59 11173700000218
21.48  0.02  0.94 11173700000218
21.76  0.04  0.57 11173700000219
21.81  0.03  0.68 11173700000219
21.82  0.04  0.59 11173700000219
21.86  0.03  0.94 11173700000219
21.33  0.03  0.33 11173700000220
21.32  0.02  0.57 11173700000220
21.32  0.02  0.68 11173700000220
21.34  0.02  0.59 11173700000220
21.30  0.02  0.94 11173700000220
17.40  0.00  0.33 11173700000221
17.39  0.00  0.68 11173700000221
17.40  0.00  0.59 11173700000221
17.40  0.00  0.94 11173700000221
23.43  0.15  0.68 11173700000225
23.58  0.14  0.94 11173700000225
19.10  0.01  0.33 11173700000227
19.11  0.00  0.68 11173700000227
19.11  0.00  0.59 11173700000227
19.11  0.00  0.94 11173700000227
22.32  0.06  0.57 11173700000228
22.39  0.06  0.68 11173700000228
22.41  0.06  0.59 11173700000228
22.40  0.05  0.94 11173700000228
21.38  0.03  0.57 11173700000229
21.46  0.03  0.68 11173700000229
21.42  0.03  0.59 11173700000229
21.39  0.02  0.94 11173700000229
19.18  0.01  0.33 11173700000230
19.18  0.00  0.48 11173700000230
19.18  0.01  0.57 11173700000230
19.17  0.00  0.68 11173700000230
19.18  0.00  0.59 11173700000230
19.17  0.00  0.94 11173700000230
16.19  0.00  0.33 11173700000231
16.18  0.00  0.48 11173700000231
16.19  0.00  0.57 11173700000231
16.19  0.00  0.68 11173700000231
16.19  0.00  0.59 11173700000231
16.19  0.00  0.94 11173700000231
19.50  0.01  0.33 11173700000232
19.50  0.01  0.48 11173700000232
19.51  0.01  0.57 11173700000232
19.52  0.01  0.68 11173700000232
19.52  0.01  0.59 11173700000232
19.51  0.01  0.94 11173700000232
18.56  0.00  0.33 11173700000233
18.54  0.00  0.48 11173700000233
18.55  0.00  0.57 11173700000233
18.56  0.00  0.68 11173700000233
18.56  0.00  0.59 11173700000233
18.55  0.00  0.94 11173700000233
20.03  0.01  0.33 11173700000234
20.03  0.01  0.48 11173700000234
20.02  0.01  0.57 11173700000234
20.03  0.01  0.68 11173700000234
20.04  0.01  0.59 11173700000234
20.03  0.01  0.94 11173700000234
20.06  0.01  0.33 11173700000235
20.10  0.01  0.48 11173700000235
20.10  0.01  0.57 11173700000235
20.09  0.01  0.68 11173700000235
20.09  0.01  0.59 11173700000235
20.09  0.01  0.94 11173700000235
21.77  0.05  0.33 11173700000237
21.90  0.04  0.48 11173700000237
21.81  0.04  0.57 11173700000237
21.78  0.03  0.68 11173700000237
21.85  0.04  0.59 11173700000237
21.81  0.03  0.94 11173700000237
22.14  0.05  0.57 11173700000238
22.15  0.05  0.68 11173700000238
22.12  0.05  0.59 11173700000238
22.16  0.04  0.94 11173700000238
20.33  0.01  0.33 11173700000239
20.34  0.01  0.48 11173700000239
20.31  0.01  0.57 11173700000239
20.35  0.01  0.68 11173700000239
20.32  0.01  0.59 11173700000239
20.35  0.01  0.94 11173700000239
21.15  0.03  0.33 11173700000240
21.19  0.02  0.48 11173700000240
21.18  0.02  0.57 11173700000240
21.17  0.02  0.68 11173700000240
21.18  0.02  0.59 11173700000240
21.19  0.02  0.94 11173700000240
20.96  0.02  0.33 11173700000242
21.01  0.02  0.68 11173700000242
20.99  0.02  0.59 11173700000242
20.98  0.01  0.94 11173700000242
21.91  0.04  0.57 11173700000243
21.95  0.04  0.68 11173700000243
21.89  0.04  0.59 11173700000243
21.90  0.03  0.94 11173700000243
21.94  0.05  0.33 11173700000244
21.88  0.04  0.48 11173700000244
21.94  0.04  0.57 11173700000244
21.87  0.04  0.68 11173700000244
21.91  0.04  0.59 11173700000244
21.92  0.03  0.94 11173700000244
21.94  0.05  0.33 11173700000246
21.93  0.04  0.57 11173700000246
21.98  0.04  0.68 11173700000246
21.98  0.04  0.59 11173700000246
21.98  0.03  0.94 11173700000246
21.67  0.04  0.33 11173700000247
21.80  0.04  0.48 11173700000247
21.73  0.03  0.57 11173700000247
21.76  0.03  0.68 11173700000247
21.80  0.04  0.59 11173700000247
21.79  0.03  0.94 11173700000247
22.52  0.07  0.57 11173700000248
22.47  0.06  0.68 11173700000248
22.55  0.07  0.59 11173700000248
22.54  0.05  0.94 11173700000248
21.15  0.03  0.33 11173700000250
21.15  0.02  0.48 11173700000250
21.17  0.02  0.57 11173700000250
21.16  0.02  0.68 11173700000250
21.11  0.02  0.59 11173700000250
21.16  0.02  0.94 11173700000250
23.68  0.15  0.94 11173700000251
21.21  0.03  0.33 11173700000255
21.22  0.02  0.48 11173700000255
21.25  0.02  0.57 11173700000255
21.22  0.02  0.68 11173700000255
21.23  0.02  0.59 11173700000255
21.26  0.02  0.94 11173700000255
22.36  0.06  0.57 11173700000256
22.29  0.05  0.68 11173700000256
22.34  0.06  0.59 11173700000256
22.29  0.04  0.94 11173700000256
22.47  0.07  0.57 11173700000257
22.42  0.06  0.68 11173700000257
22.35  0.06  0.59 11173700000257
22.38  0.05  0.94 11173700000257
21.39  0.03  0.33 11173700000259
21.45  0.03  0.48 11173700000259
21.42  0.03  0.57 11173700000259
21.43  0.03  0.68 11173700000259
21.45  0.03  0.59 11173700000259
21.42  0.02  0.94 11173700000259
21.12  0.02  0.48 11173700000260
21.12  0.02  0.57 11173700000260
21.12  0.02  0.68 11173700000260
21.09  0.02  0.59 11173700000260
21.14  0.02  0.94 11173700000260
18.56  0.00  0.48 11173700000261
18.58  0.00  0.57 11173700000261
18.56  0.00  0.68 11173700000261
18.55  0.00  0.59 11173700000261
18.58  0.00  0.94 11173700000261
21.31  0.02  0.48 11173700000262
21.34  0.03  0.57 11173700000262
21.37  0.02  0.68 11173700000262
21.37  0.03  0.59 11173700000262
21.38  0.02  0.94 11173700000262
19.67  0.01  0.48 11173700000264
19.68  0.01  0.57 11173700000264
19.69  0.01  0.68 11173700000264
19.69  0.01  0.59 11173700000264
19.69  0.01  0.94 11173700000264
19.06  0.00  0.48 11173700000265
19.06  0.00  0.57 11173700000265
19.07  0.00  0.68 11173700000265
19.07  0.00  0.59 11173700000265
19.07  0.00  0.94 11173700000265
20.28  0.01  0.48 11173700000266
20.29  0.01  0.57 11173700000266
20.30  0.01  0.68 11173700000266
20.30  0.01  0.59 11173700000266
20.30  0.01  0.94 11173700000266
18.07  0.00  0.33 11173700000268
18.07  0.00  0.57 11173700000268
18.07  0.00  0.68 11173700000268
18.08  0.00  0.59 11173700000268
18.07  0.00  0.94 11173700000268
21.04  0.02  0.57 11173700000269
21.05  0.02  0.68 11173700000269
21.04  0.02  0.59 11173700000269
21.06  0.02  0.94 11173700000269
20.45  0.01  0.48 11173700000277
20.45  0.01  0.68 11173700000277
20.47  0.01  0.59 11173700000277
20.48  0.01  0.94 11173700000277
22.40  0.06  0.59 11173700000278
19.93  0.01  0.57 11173700000280
19.94  0.01  0.68 11173700000280
19.92  0.01  0.59 11173700000280
19.94  0.01  0.94 11173700000280
16.35  0.00  0.57 11173700000282
16.35  0.00  0.68 11173700000282
16.35  0.00  0.59 11173700000282
16.35  0.00  0.94 11173700000282
22.62  0.10  0.33 11173700000287
22.62  0.08  0.48 11173700000287
22.61  0.08  0.57 11173700000287
22.76  0.09  0.68 11173700000287
22.61  0.08  0.59 11173700000287
22.61  0.06  0.94 11173700000287
15.32  0.00  0.33 11173700000290
15.32  0.00  0.57 11173700000290
21.23  0.02  0.57 11173700000291
21.26  0.02  0.68 11173700000291
21.23  0.02  0.59 11173700000291
21.27  0.02  0.94 11173700000291
21.37  0.03  0.33 11173700000295
21.44  0.03  0.57 11173700000295
21.41  0.03  0.68 11173700000295
21.40  0.03  0.59 11173700000295
21.39  0.02  0.94 11173700000295
18.16  0.00  0.48 11173700000297
18.16  0.00  0.68 11173700000297
18.16  0.00  0.59 11173700000297
18.17  0.00  0.94 11173700000297
21.53  0.04  0.33 11173700000299
21.56  0.03  0.57 11173700000299
21.59  0.03  0.68 11173700000299
21.59  0.03  0.59 11173700000299
21.62  0.02  0.94 11173700000299
20.34  0.01  0.33 11173700000300
20.35  0.01  0.57 11173700000300
20.35  0.01  0.68 11173700000300
20.35  0.01  0.59 11173700000300
20.36  0.01  0.94 11173700000300
20.74  0.02  0.33 11173700000303
20.71  0.02  0.57 11173700000303
20.73  0.01  0.68 11173700000303
20.74  0.02  0.59 11173700000303
20.77  0.01  0.94 11173700000303
20.19  0.01  0.33 11173700000306
20.21  0.01  0.57 11173700000306
20.21  0.01  0.59 11173700000306
20.22  0.01  0.94 11173700000306
16.92  0.00  0.33 11173700000309
16.93  0.00  0.57 11173700000309
16.92  0.00  0.68 11173700000309
16.92  0.00  0.59 11173700000309
16.92  0.00  0.94 11173700000309
17.32  0.00  0.33 11173700000311
17.32  0.00  0.57 11173700000311
17.32  0.00  0.68 11173700000311
17.31  0.00  0.59 11173700000311
17.32  0.00  0.94 11173700000311
20.47  0.02  0.33 11173700000312
20.49  0.01  0.57 11173700000312
20.46  0.01  0.68 11173700000312
20.48  0.01  0.59 11173700000312
20.50  0.01  0.94 11173700000312
19.78  0.01  0.33 11173700000313
19.75  0.01  0.57 11173700000313
19.78  0.01  0.68 11173700000313
19.77  0.01  0.59 11173700000313
19.79  0.01  0.94 11173700000313
18.28  0.00  0.48 11173700000314
18.27  0.00  0.57 11173700000314
18.28  0.00  0.68 11173700000314
18.28  0.00  0.59 11173700000314
18.27  0.00  0.94 11173700000314
19.37  0.01  0.33 11173700000315
19.39  0.01  0.57 11173700000315
19.39  0.01  0.68 11173700000315
19.37  0.01  0.59 11173700000315
19.40  0.01  0.94 11173700000315
23.42  0.15  0.68 11173700000317
23.68  0.15  0.94 11173700000317
23.39  0.16  0.48 11173700000318
23.42  0.15  0.68 11173700000318
23.81  0.18  0.94 11173700000318
22.19  0.07  0.33 11173700000319
22.30  0.06  0.48 11173700000319
22.35  0.06  0.57 11173700000319
22.24  0.05  0.68 11173700000319
22.28  0.06  0.59 11173700000319
22.32  0.04  0.94 11173700000319
22.51  0.09  0.33 11173700000320
22.42  0.07  0.48 11173700000320
22.36  0.06  0.57 11173700000320
22.49  0.07  0.68 11173700000320
22.51  0.07  0.59 11173700000320
22.45  0.05  0.94 11173700000320
22.86  0.10  0.57 11173700000321
22.87  0.09  0.68 11173700000321
21.67  0.04  0.33 11173700000322
21.58  0.03  0.48 11173700000322
21.68  0.03  0.68 11173700000322
21.69  0.03  0.59 11173700000322
21.59  0.02  0.94 11173700000322
21.51  0.04  0.33 11173700000323
21.49  0.03  0.48 11173700000323
21.51  0.03  0.57 11173700000323
21.50  0.03  0.68 11173700000323
21.51  0.03  0.59 11173700000323
21.50  0.02  0.94 11173700000323
20.98  0.02  0.33 11173700000324
20.97  0.02  0.48 11173700000324
20.99  0.02  0.57 11173700000324
20.94  0.02  0.68 11173700000324
20.98  0.02  0.59 11173700000324
20.96  0.01  0.94 11173700000324
18.54  0.00  0.33 11173700000327
18.54  0.00  0.48 11173700000327
18.53  0.00  0.68 11173700000327
18.54  0.00  0.59 11173700000327
18.54  0.00  0.94 11173700000327
21.33  0.03  0.33 11173700000332
21.30  0.03  0.68 11173700000332
21.28  0.03  0.59 11173700000332
21.32  0.02  0.94 11173700000332
21.14  0.03  0.33 11173700000334
21.13  0.02  0.48 11173700000334
21.14  0.02  0.68 11173700000334
21.17  0.02  0.59 11173700000334
21.18  0.02  0.94 11173700000334
21.48  0.04  0.33 11173700000336
21.47  0.03  0.48 11173700000336
21.48  0.03  0.68 11173700000336
21.41  0.03  0.59 11173700000336
21.48  0.02  0.94 11173700000336
16.24  0.00  0.33 11173700000338
16.25  0.00  0.48 11173700000338
16.24  0.00  0.68 11173700000338
16.24  0.00  0.59 11173700000338
16.24  0.00  0.94 11173700000338
20.36  0.01  0.33 11173700000341
20.37  0.01  0.48 11173700000341
20.39  0.01  0.68 11173700000341
20.37  0.01  0.59 11173700000341
20.37  0.01  0.94 11173700000341
19.12  0.00  0.48 11173700000343
19.13  0.01  0.57 11173700000343
19.12  0.01  0.68 11173700000343
19.13  0.01  0.59 11173700000343
19.13  0.00  0.94 11173700000343
23.92  0.21  0.94 11173700000344
22.53  0.09  0.33 11173700000347
22.50  0.07  0.48 11173700000347
22.78  0.10  0.57 11173700000347
22.59  0.08  0.68 11173700000347
22.59  0.08  0.59 11173700000347
22.78  0.07  0.94 11173700000347
23.32  0.15  0.48 11173700000348
23.39  0.16  0.59 11173700000348
23.36  0.12  0.94 11173700000348
16.59  0.00  0.48 11173700000349
16.59  0.00  0.57 11173700000349
16.58  0.00  0.68 11173700000349
16.59  0.00  0.59 11173700000349
16.59  0.00  0.94 11173700000349
21.67  0.04  0.33 11173700000351
21.56  0.03  0.48 11173700000351
21.66  0.04  0.57 11173700000351
21.59  0.03  0.68 11173700000351
21.56  0.03  0.59 11173700000351
21.63  0.03  0.94 11173700000351
22.37  0.08  0.33 11173700000352
22.45  0.07  0.48 11173700000352
22.63  0.08  0.57 11173700000352
22.51  0.07  0.68 11173700000352
22.53  0.08  0.59 11173700000352
22.51  0.05  0.94 11173700000352
23.20  0.14  0.48 11173700000354
23.21  0.13  0.68 11173700000354
23.25  0.15  0.59 11173700000354
23.66  0.15  0.94 11173700000354
22.52  0.09  0.33 11173700000356
22.63  0.08  0.68 11173700000356
22.67  0.09  0.59 11173700000356
22.57  0.06  0.94 11173700000356
21.61  0.03  0.48 11173700000357
21.59  0.03  0.57 11173700000357
21.54  0.03  0.68 11173700000357
21.49  0.03  0.59 11173700000357
21.56  0.02  0.94 11173700000357
21.19  0.03  0.33 11173700000358
21.12  0.02  0.48 11173700000358
21.18  0.02  0.57 11173700000358
21.15  0.02  0.68 11173700000358
21.15  0.02  0.59 11173700000358
21.17  0.02  0.94 11173700000358
22.09  0.06  0.33 11173700000359
22.01  0.05  0.48 11173700000359
21.99  0.05  0.57 11173700000359
22.02  0.05  0.68 11173700000359
21.96  0.05  0.59 11173700000359
21.98  0.03  0.94 11173700000359
22.88  0.11  0.57 11173700000360
22.91  0.10  0.68 11173700000360
22.80  0.10  0.59 11173700000360
22.76  0.07  0.94 11173700000360
18.44  0.00  0.33 11173700000363
18.44  0.00  0.48 11173700000363
18.45  0.00  0.57 11173700000363
18.45  0.00  0.68 11173700000363
18.44  0.00  0.59 11173700000363
18.45  0.00  0.94 11173700000363
21.45  0.04  0.33 11173700000364
21.53  0.03  0.48 11173700000364
21.48  0.03  0.57 11173700000364
21.49  0.03  0.68 11173700000364
21.53  0.03  0.59 11173700000364
21.52  0.02  0.94 11173700000364
22.08  0.06  0.33 11173700000366
22.14  0.05  0.48 11173700000366
22.13  0.05  0.57 11173700000366
22.17  0.05  0.68 11173700000366
22.15  0.05  0.59 11173700000366
22.15  0.04  0.94 11173700000366
21.74  0.04  0.33 11173700000367
21.73  0.04  0.48 11173700000367
21.73  0.04  0.57 11173700000367
21.75  0.04  0.68 11173700000367
21.69  0.04  0.59 11173700000367
21.77  0.03  0.94 11173700000367
18.23  0.00  0.33 11173700000373
22.53  0.09  0.33 11173700000374
22.50  0.07  0.48 11173700000374
22.52  0.07  0.57 11173700000374
16.62  0.00  0.33 11173700000381
16.63  0.00  0.48 11173700000381
16.63  0.00  0.68 11173700000381
16.62  0.00  0.59 11173700000381
16.63  0.00  0.94 11173700000381
22.25  0.07  0.33 11173700000382
22.20  0.06  0.48 11173700000382
22.23  0.06  0.57 11173700000382
22.28  0.06  0.68 11173700000382
22.26  0.06  0.59 11173700000382
22.23  0.04  0.94 11173700000382
19.90  0.01  0.33 11173700000384
19.91  0.01  0.48 11173700000384
19.93  0.01  0.68 11173700000384
19.91  0.01  0.59 11173700000384
19.89  0.01  0.94 11173700000384
21.69  0.04  0.33 11173700000385
21.54  0.03  0.48 11173700000385
21.67  0.04  0.57 11173700000385
21.64  0.03  0.68 11173700000385
21.72  0.04  0.59 11173700000385
21.67  0.03  0.94 11173700000385
21.34  0.03  0.33 11173700000387
21.37  0.03  0.48 11173700000387
21.41  0.03  0.68 11173700000387
21.35  0.03  0.59 11173700000387
21.36  0.02  0.94 11173700000387
22.09  0.06  0.33 11173700000389
22.00  0.05  0.68 11173700000389
22.05  0.05  0.59 11173700000389
21.91  0.03  0.94 11173700000389
22.32  0.06  0.57 11173700000393
22.40  0.06  0.68 11173700000393
22.36  0.06  0.59 11173700000393
22.39  0.05  0.94 11173700000393
15.19  0.00  0.33 11173700000398
15.20  0.00  0.48 11173700000398
15.19  0.00  0.57 11173700000398
21.06  0.02  0.33 11173700000399
21.10  0.02  0.48 11173700000399
21.06  0.02  0.68 11173700000399
21.08  0.02  0.59 11173700000399
21.05  0.02  0.94 11173700000399
17.14  0.00  0.33 11173700000401
17.15  0.00  0.48 11173700000401
17.15  0.00  0.68 11173700000401
17.15  0.00  0.59 11173700000401
17.15  0.00  0.94 11173700000401
21.86  0.04  0.57 11173700000403
21.92  0.04  0.68 11173700000403
21.82  0.04  0.59 11173700000403
21.88  0.03  0.94 11173700000403
22.12  0.06  0.33 11173700000404
22.10  0.05  0.48 11173700000404
22.12  0.05  0.57 11173700000404
22.13  0.05  0.68 11173700000404
22.15  0.05  0.59 11173700000404
22.17  0.04  0.94 11173700000404
17.00  0.00  0.33 11173700000407
17.00  0.00  0.57 11173700000407
17.00  0.00  0.68 11173700000407
17.00  0.00  0.59 11173700000407
17.00  0.00  0.94 11173700000407
22.87  0.10  0.57 11173700000410
22.87  0.09  0.68 11173700000410
22.85  0.09  0.59 11173700000410
22.99  0.08  0.94 11173700000410
21.92  0.05  0.33 11173700000411
22.01  0.05  0.48 11173700000411
21.93  0.04  0.57 11173700000411
21.95  0.04  0.68 11173700000411
22.02  0.05  0.59 11173700000411
21.94  0.03  0.94 11173700000411
21.77  0.05  0.33 11173700000412
21.72  0.04  0.48 11173700000412
21.65  0.03  0.57 11173700000412
21.74  0.03  0.68 11173700000412
21.75  0.04  0.59 11173700000412
21.72  0.03  0.94 11173700000412
21.76  0.05  0.33 11173700000414
21.73  0.04  0.48 11173700000414
21.83  0.04  0.57 11173700000414
21.78  0.04  0.68 11173700000414
21.82  0.04  0.59 11173700000414
21.78  0.03  0.94 11173700000414
22.76  0.09  0.57 11173700000415
22.84  0.09  0.68 11173700000415
22.88  0.10  0.59 11173700000415
22.74  0.07  0.94 11173700000415
17.46  0.00  0.33 11173700000416
17.46  0.00  0.48 11173700000416
17.50  0.00  0.63 11173700000416
17.50  0.00  0.57 11173700000416
17.52  0.00  0.68 11173700000416
17.47  0.00  0.59 11173700000416
17.46  0.00  0.94 11173700000416
19.80  0.01  0.33 11173700000417
19.80  0.01  0.48 11173700000417
19.81  0.01  0.63 11173700000417
19.79  0.01  0.57 11173700000417
19.81  0.01  0.68 11173700000417
19.79  0.01  0.59 11173700000417
19.81  0.01  0.94 11173700000417
15.80  0.00  0.33 11173700000418
15.80  0.00  0.48 11173700000418
15.80  0.00  0.63 11173700000418
15.80  0.00  0.68 11173700000418
15.80  0.00  0.59 11173700000418
19.02  0.00  0.48 11173700000419
19.04  0.00  0.63 11173700000419
19.04  0.00  0.68 11173700000419
19.04  0.00  0.59 11173700000419
19.04  0.00  0.94 11173700000419
