15.16  0.001  0.41 11173700000000
15.17  0.001  0.68 11173700000000
22.92  0.109  0.41 11173700000001
22.86  0.077  0.68 11173700000001
22.79  0.057  0.98 11173700000001
22.79  0.053  0.99 11173700000001
20.94  0.020  0.41 11173700000002
20.96  0.017  0.68 11173700000002
20.97  0.014  0.98 11173700000002
20.96  0.013  0.99 11173700000002
19.68  0.008  0.41 11173700000004
19.68  0.006  0.98 11173700000004
23.19  0.140  0.41 11173700000005
23.26  0.083  0.98 11173700000005
23.27  0.081  0.99 11173700000005
21.96  0.044  0.41 11173700000006
21.95  0.035  0.68 11173700000006
21.88  0.026  0.98 11173700000006
21.87  0.025  0.99 11173700000006
21.06  0.022  0.41 11173700000012
21.08  0.017  0.68 11173700000012
21.08  0.014  0.98 11173700000012
21.06  0.014  0.99 11173700000012
23.47  0.181  0.41 11173700000013
23.91  0.157  0.98 11173700000013
23.87  0.148  0.99 11173700000013
22.52  0.077  0.41 11173700000015
22.68  0.058  0.63 11173700000015
22.63  0.062  0.68 11173700000015
22.61  0.047  0.98 11173700000015
21.02  0.022  0.41 11173700000016
21.05  0.016  0.63 11173700000016
21.42  0.030  0.41 11173700000017
21.39  0.020  0.63 11173700000017
21.38  0.022  0.68 11173700000017
21.38  0.018  0.98 11173700000017
22.25  0.062  0.41 11173700000019
22.30  0.042  0.63 11173700000019
22.34  0.048  0.68 11173700000019
22.29  0.050  0.68 11173700000019
22.33  0.037  0.98 11173700000019
22.33  0.039  0.99 11173700000019
21.85  0.043  0.41 11173700000021
21.93  0.031  0.63 11173700000021
21.96  0.035  0.68 11173700000021
21.89  0.026  0.98 11173700000021
21.98  0.030  0.99 11173700000021
23.05  0.125  0.41 11173700000022
23.52  0.122  0.63 11173700000022
23.80  0.131  0.98 11173700000022
23.66  0.155  0.99 11173700000022
21.13  0.024  0.41 11173700000023
21.22  0.018  0.63 11173700000023
21.21  0.019  0.68 11173700000023
21.20  0.020  0.68 11173700000023
21.21  0.016  0.98 11173700000023
21.23  0.017  0.99 11173700000023
15.36  0.001  0.41 11173700000024
15.37  0.001  0.63 11173700000024
15.36  0.000  0.68 11173700000024
15.36  0.001  0.68 11173700000024
15.36  0.001  0.98 11173700000024
15.37  0.001  0.99 11173700000024
16.47  0.001  0.41 11173700000025
16.47  0.001  0.68 11173700000025
16.47  0.001  0.68 11173700000025
16.46  0.001  0.98 11173700000025
16.47  0.001  0.99 11173700000025
20.59  0.014  0.41 11173700000028
20.53  0.011  0.68 11173700000028
20.54  0.011  0.89 11173700000028
20.55  0.011  0.98 11173700000028
20.55  0.011  0.99 11173700000028
18.40  0.003  0.41 11173700000030
18.40  0.003  0.89 11173700000030
18.40  0.003  0.98 11173700000030
18.39  0.003  0.99 11173700000030
20.47  0.013  0.41 11173700000032
20.50  0.011  0.89 11173700000032
20.50  0.011  0.98 11173700000032
20.54  0.011  0.99 11173700000032
18.96  0.005  0.41 11173700000034
18.97  0.004  0.89 11173700000034
18.96  0.004  0.98 11173700000034
18.98  0.004  0.99 11173700000034
22.57  0.084  0.41 11173700000036
22.58  0.057  0.68 11173700000036
22.69  0.055  0.98 11173700000036
22.73  0.051  0.99 11173700000036
22.88  0.112  0.41 11173700000037
23.12  0.093  0.63 11173700000037
22.88  0.074  0.68 11173700000037
22.93  0.086  0.69 11173700000037
23.03  0.091  0.68 11173700000037
22.96  0.071  0.98 11173700000037
22.96  0.063  0.99 11173700000037
15.53  0.001  0.41 11173700000038
15.53  0.001  0.63 11173700000038
15.53  0.001  0.68 11173700000038
15.53  0.001  0.98 11173700000038
15.52  0.001  0.99 11173700000038
22.55  0.084  0.41 11173700000040
22.73  0.066  0.63 11173700000040
22.81  0.070  0.68 11173700000040
22.88  0.073  0.68 11173700000040
22.85  0.061  0.98 11173700000040
22.76  0.053  0.99 11173700000040
23.84  0.272  0.41 11173700000042
14.95  0.001  0.41 11173700000043
14.96  0.001  0.68 11173700000043
14.95  0.001  0.69 11173700000043
14.95  0.001  0.68 11173700000043
21.73  0.042  0.41 11173700000045
21.83  0.029  0.63 11173700000045
21.77  0.031  0.68 11173700000045
21.86  0.025  0.99 11173700000045
22.36  0.073  0.41 11173700000046
22.46  0.055  0.68 11173700000046
22.20  0.063  0.41 11173700000048
22.34  0.049  0.68 11173700000048
22.12  0.060  0.41 11173700000049
22.16  0.032  0.99 11173700000049
22.64  0.073  0.41 11173700000051
22.68  0.064  0.63 11173700000051
22.60  0.056  0.69 11173700000051
22.79  0.069  0.68 11173700000051
22.66  0.058  0.98 11173700000051
23.76  0.158  0.68 11173700000053
15.42  0.001  0.41 11173700000054
15.42  0.001  0.68 11173700000054
15.43  0.001  0.98 11173700000054
20.85  0.018  0.41 11173700000057
20.79  0.013  0.68 11173700000057
20.81  0.013  0.89 11173700000057
20.83  0.012  0.98 11173700000057
20.84  0.013  0.99 11173700000057
20.89  0.018  0.41 11173700000058
20.82  0.014  0.68 11173700000058
20.86  0.014  0.89 11173700000058
20.85  0.013  0.98 11173700000058
20.83  0.013  0.99 11173700000058
22.61  0.077  0.41 11173700000059
22.78  0.066  0.68 11173700000059
22.65  0.056  0.89 11173700000059
22.74  0.054  0.98 11173700000059
22.74  0.056  0.99 11173700000059
22.56  0.073  0.41 11173700000060
22.45  0.050  0.68 11173700000060
22.35  0.044  0.89 11173700000060
22.39  0.040  0.98 11173700000060
22.46  0.045  0.99 11173700000060
22.84  0.095  0.41 11173700000062
22.83  0.069  0.68 11173700000062
22.94  0.063  0.98 11173700000062
22.90  0.063  0.99 11173700000062
22.98  0.099  0.41 11173700000065
23.59  0.105  0.99 11173700000065
19.29  0.006  0.41 11173700000066
19.30  0.005  0.68 11173700000066
19.30  0.005  0.98 11173700000066
19.31  0.005  0.99 11173700000066
19.80  0.008  0.41 11173700000067
19.80  0.007  0.68 11173700000067
19.81  0.006  0.98 11173700000067
23.17  0.129  0.41 11173700000072
23.48  0.136  0.68 11173700000072
23.37  0.126  0.69 11173700000072
23.33  0.119  0.68 11173700000072
23.41  0.097  0.99 11173700000072
15.64  0.001  0.41 11173700000073
15.63  0.001  0.63 11173700000073
15.64  0.001  0.68 11173700000073
15.64  0.001  0.98 11173700000073
15.61  0.001  0.41 11173700000074
15.61  0.001  0.68 11173700000074
15.61  0.001  0.69 11173700000074
15.61  0.001  0.89 11173700000074
15.61  0.001  0.98 11173700000074
15.62  0.001  0.99 11173700000074
22.70  0.087  0.41 11173700000075
22.81  0.074  0.68 11173700000075
22.84  0.061  0.98 11173700000075
22.88  0.058  0.99 11173700000075
22.81  0.095  0.41 11173700000077
22.99  0.086  0.68 11173700000077
22.95  0.088  0.69 11173700000077
23.08  0.076  0.98 11173700000077
22.97  0.065  0.99 11173700000077
23.29  0.149  0.41 11173700000079
23.68  0.160  0.68 11173700000079
23.62  0.110  0.99 11173700000079
23.31  0.150  0.41 11173700000081
23.46  0.130  0.68 11173700000081
23.54  0.148  0.69 11173700000081
23.41  0.107  0.89 11173700000081
23.56  0.116  0.98 11173700000081
23.56  0.106  0.99 11173700000081
21.99  0.047  0.41 11173700000082
21.89  0.026  0.99 11173700000082
22.47  0.073  0.41 11173700000083
22.40  0.039  0.99 11173700000083
21.87  0.043  0.41 11173700000084
21.94  0.029  0.98 11173700000084
21.98  0.028  0.99 11173700000084
22.15  0.048  0.41 11173700000087
22.03  0.038  0.69 11173700000087
22.10  0.036  0.98 11173700000087
22.10  0.030  0.99 11173700000087
22.84  0.088  0.41 11173700000088
23.04  0.090  0.69 11173700000088
23.11  0.083  0.98 11173700000088
23.26  0.079  0.99 11173700000088
23.59  0.174  0.41 11173700000090
23.64  0.135  0.98 11173700000090
23.96  0.147  0.99 11173700000090
22.31  0.055  0.41 11173700000092
22.24  0.040  0.98 11173700000092
22.30  0.035  0.99 11173700000092
23.40  0.144  0.41 11173700000093
23.27  0.111  0.69 11173700000093
23.31  0.116  0.68 11173700000093
23.21  0.090  0.98 11173700000093
23.28  0.081  0.99 11173700000093
23.44  0.151  0.41 11173700000095
23.58  0.126  0.98 11173700000095
23.38  0.090  0.99 11173700000095
23.09  0.111  0.41 11173700000096
22.87  0.067  0.98 11173700000096
22.89  0.058  0.99 11173700000096
23.14  0.115  0.41 11173700000097
23.45  0.131  0.68 11173700000097
23.18  0.088  0.98 11173700000097
23.39  0.092  0.99 11173700000097
15.93  0.001  0.41 11173700000100
15.92  0.001  0.69 11173700000100
15.93  0.001  0.98 11173700000100
15.97  0.001  0.99 11173700000100
23.32  0.137  0.41 11173700000101
23.36  0.114  0.63 11173700000101
23.57  0.134  0.69 11173700000101
23.53  0.131  0.68 11173700000101
23.32  0.099  0.98 11173700000101
22.94  0.097  0.41 11173700000106
22.91  0.076  0.63 11173700000106
22.98  0.080  0.69 11173700000106
22.97  0.080  0.68 11173700000106
22.88  0.067  0.98 11173700000106
23.38  0.143  0.41 11173700000107
23.45  0.118  0.63 11173700000107
23.47  0.111  0.98 11173700000107
22.01  0.043  0.41 11173700000108
22.01  0.034  0.63 11173700000108
22.08  0.034  0.98 11173700000108
22.00  0.028  0.99 11173700000108
22.34  0.057  0.41 11173700000110
22.37  0.047  0.69 11173700000110
22.42  0.050  0.68 11173700000110
22.42  0.045  0.98 11173700000110
23.38  0.144  0.41 11173700000111
23.39  0.103  0.98 11173700000111
23.81  0.132  0.99 11173700000111
22.33  0.057  0.41 11173700000112
22.27  0.043  0.69 11173700000112
22.31  0.045  0.68 11173700000112
22.33  0.042  0.98 11173700000112
23.85  0.132  0.99 11173700000113
23.25  0.128  0.41 11173700000116
23.39  0.126  0.69 11173700000116
23.26  0.109  0.68 11173700000116
22.63  0.074  0.41 11173700000117
22.64  0.059  0.69 11173700000117
22.68  0.056  0.98 11173700000117
22.63  0.047  0.99 11173700000117
23.09  0.111  0.41 11173700000118
23.25  0.097  0.63 11173700000118
23.21  0.107  0.69 11173700000118
23.28  0.111  0.68 11173700000118
23.20  0.087  0.98 11173700000118
23.41  0.088  0.99 11173700000118
20.22  0.010  0.41 11173700000120
20.20  0.009  0.69 11173700000120
20.18  0.009  0.98 11173700000120
18.25  0.003  0.41 11173700000121
18.26  0.003  0.69 11173700000121
18.24  0.003  0.98 11173700000121
22.86  0.092  0.41 11173700000122
22.78  0.067  0.69 11173700000122
22.85  0.065  0.98 11173700000122
22.77  0.053  0.99 11173700000122
21.70  0.034  0.41 11173700000123
21.70  0.029  0.68 11173700000123
21.69  0.025  0.98 11173700000123
22.46  0.065  0.41 11173700000124
22.55  0.059  0.68 11173700000124
22.49  0.047  0.98 11173700000124
22.64  0.049  0.99 11173700000124
23.15  0.122  0.41 11173700000125
23.10  0.095  0.69 11173700000125
23.11  0.095  0.68 11173700000125
22.82  0.088  0.41 11173700000126
22.75  0.062  0.63 11173700000126
22.69  0.068  0.69 11173700000126
22.77  0.071  0.68 11173700000126
22.94  0.069  0.98 11173700000126
22.98  0.062  0.99 11173700000126
22.09  0.046  0.41 11173700000128
22.19  0.038  0.63 11173700000128
22.11  0.035  0.98 11173700000128
22.16  0.031  0.99 11173700000128
23.18  0.121  0.41 11173700000129
21.09  0.020  0.41 11173700000132
21.13  0.019  0.68 11173700000132
21.13  0.016  0.98 11173700000132
21.69  0.033  0.41 11173700000133
21.79  0.030  0.63 11173700000133
21.75  0.028  0.69 11173700000133
21.76  0.029  0.68 11173700000133
21.69  0.026  0.98 11173700000133
21.75  0.025  0.99 11173700000133
23.14  0.117  0.41 11173700000135
23.35  0.137  0.41 11173700000137
23.54  0.139  0.69 11173700000137
23.52  0.133  0.68 11173700000137
23.50  0.110  0.99 11173700000137
22.18  0.049  0.41 11173700000138
22.28  0.047  0.69 11173700000138
22.29  0.046  0.68 11173700000138
22.28  0.035  0.99 11173700000138
23.39  0.143  0.41 11173700000139
23.68  0.116  0.99 11173700000139
21.30  0.023  0.41 11173700000140
21.37  0.022  0.69 11173700000140
21.34  0.021  0.68 11173700000140
21.35  0.017  0.99 11173700000140
17.93  0.002  0.41 11173700000144
17.94  0.002  0.69 11173700000144
17.93  0.002  0.68 11173700000144
23.03  0.103  0.41 11173700000148
22.87  0.077  0.69 11173700000148
23.13  0.095  0.68 11173700000148
23.05  0.067  0.99 11173700000148
14.33  0.000  0.41 11173700000149
21.56  0.029  0.41 11173700000150
21.55  0.026  0.69 11173700000150
21.60  0.020  0.99 11173700000150
20.88  0.017  0.41 11173700000151
20.85  0.015  0.69 11173700000151
20.85  0.012  0.99 11173700000151
21.76  0.034  0.41 11173700000152
21.80  0.031  0.69 11173700000152
21.83  0.025  0.99 11173700000152
23.51  0.158  0.41 11173700000154
22.49  0.065  0.41 11173700000156
22.40  0.052  0.69 11173700000156
22.45  0.051  0.68 11173700000156
22.59  0.053  0.99 11173700000156
23.38  0.146  0.41 11173700000157
23.54  0.135  0.63 11173700000157
23.43  0.125  0.69 11173700000157
23.54  0.129  0.68 11173700000157
23.47  0.116  0.98 11173700000157
23.69  0.121  0.99 11173700000157
23.30  0.132  0.41 11173700000158
23.34  0.108  0.69 11173700000158
23.28  0.105  0.68 11173700000158
22.36  0.058  0.41 11173700000159
22.44  0.054  0.69 11173700000159
22.39  0.049  0.68 11173700000159
22.41  0.045  0.99 11173700000159
22.88  0.092  0.41 11173700000161
22.84  0.076  0.69 11173700000161
23.00  0.082  0.68 11173700000161
22.89  0.067  0.99 11173700000161
23.25  0.128  0.41 11173700000162
23.55  0.143  0.69 11173700000162
23.34  0.111  0.68 11173700000162
23.56  0.149  0.99 11173700000162
19.80  0.008  0.41 11173700000164
19.78  0.007  0.69 11173700000164
19.77  0.007  0.68 11173700000164
19.78  0.007  0.99 11173700000164
23.47  0.155  0.41 11173700000165
15.38  0.001  0.41 11173700000166
15.38  0.001  0.69 11173700000166
15.38  0.001  0.68 11173700000166
15.39  0.001  0.99 11173700000166
15.50  0.001  0.41 11173700000167
15.50  0.001  0.69 11173700000167
15.50  0.001  0.68 11173700000167
15.50  0.001  0.99 11173700000167
15.18  0.001  0.41 11173700000168
15.19  0.001  0.69 11173700000168
15.18  0.001  0.68 11173700000168
23.42  0.148  0.41 11173700000169
23.12  0.113  0.41 11173700000170
23.34  0.137  0.41 11173700000172
23.44  0.153  0.41 11173700000175
23.52  0.136  0.69 11173700000175
23.52  0.116  0.98 11173700000175
23.07  0.108  0.41 11173700000178
23.46  0.122  0.68 11173700000178
15.76  0.001  0.41 11173700000179
15.76  0.001  0.69 11173700000179
15.77  0.001  0.68 11173700000179
15.77  0.001  0.99 11173700000179
23.63  0.141  0.68 11173700000180
23.18  0.120  0.41 11173700000181
23.31  0.117  0.69 11173700000181
22.94  0.077  0.68 11173700000181
14.96  0.001  0.41 11173700000182
14.96  0.001  0.69 11173700000182
14.96  0.001  0.68 11173700000182
19.85  0.008  0.41 11173700000183
19.86  0.008  0.69 11173700000183
19.89  0.007  0.68 11173700000183
19.86  0.007  0.98 11173700000183
19.86  0.006  0.99 11173700000183
23.32  0.134  0.41 11173700000184
23.50  0.128  0.68 11173700000184
21.77  0.039  0.41 11173700000187
21.80  0.032  0.69 11173700000187
21.79  0.030  0.68 11173700000187
21.77  0.027  0.98 11173700000187
21.73  0.023  0.99 11173700000187
22.86  0.101  0.41 11173700000188
22.75  0.070  0.69 11173700000188
22.84  0.072  0.68 11173700000188
22.83  0.064  0.98 11173700000188
22.74  0.052  0.99 11173700000188
21.09  0.020  0.41 11173700000189
21.06  0.018  0.68 11173700000189
23.37  0.140  0.41 11173700000190
23.56  0.105  0.99 11173700000190
24.36  0.347  0.41 11173700000191
22.63  0.073  0.41 11173700000192
22.50  0.056  0.69 11173700000192
22.54  0.055  0.68 11173700000192
22.54  0.043  0.99 11173700000192
15.68  0.001  0.41 11173700000193
15.69  0.001  0.69 11173700000193
15.70  0.001  0.68 11173700000193
15.58  0.001  0.41 11173700000194
15.57  0.001  0.69 11173700000194
15.58  0.001  0.68 11173700000194
20.36  0.012  0.41 11173700000195
20.33  0.011  0.69 11173700000195
20.33  0.010  0.68 11173700000195
20.34  0.010  0.98 11173700000195
22.73  0.089  0.41 11173700000196
22.60  0.065  0.69 11173700000196
22.76  0.071  0.68 11173700000196
22.69  0.055  0.98 11173700000196
22.77  0.054  0.99 11173700000196
22.67  0.087  0.41 11173700000197
23.05  0.092  0.69 11173700000197
23.00  0.083  0.68 11173700000197
22.80  0.062  0.98 11173700000197
22.06  0.050  0.41 11173700000198
22.03  0.038  0.69 11173700000198
22.12  0.039  0.68 11173700000198
22.07  0.034  0.98 11173700000198
20.41  0.013  0.41 11173700000199
20.48  0.012  0.69 11173700000199
20.49  0.011  0.68 11173700000199
20.51  0.011  0.98 11173700000199
20.52  0.010  0.99 11173700000199
21.23  0.025  0.41 11173700000200
21.17  0.020  0.69 11173700000200
21.20  0.020  0.68 11173700000200
21.17  0.017  0.98 11173700000200
21.20  0.016  0.99 11173700000200
21.33  0.027  0.41 11173700000201
21.34  0.022  0.69 11173700000201
21.33  0.021  0.68 11173700000201
21.33  0.019  0.98 11173700000201
21.36  0.017  0.99 11173700000201
22.24  0.059  0.41 11173700000203
22.30  0.048  0.69 11173700000203
22.29  0.045  0.68 11173700000203
22.21  0.038  0.98 11173700000203
22.30  0.036  0.99 11173700000203
22.42  0.081  0.41 11173700000204
17.26  0.002  0.41 11173700000205
17.26  0.002  0.98 11173700000205
17.26  0.002  0.99 11173700000205
17.20  0.002  0.41 11173700000207
17.20  0.002  0.63 11173700000207
17.20  0.002  0.68 11173700000207
17.19  0.002  0.69 11173700000207
17.19  0.002  0.68 11173700000207
17.19  0.002  0.98 11173700000207
17.19  0.002  0.99 11173700000207
21.16  0.023  0.41 11173700000208
21.06  0.016  0.63 11173700000208
21.10  0.017  0.68 11173700000208
21.14  0.019  0.69 11173700000208
21.08  0.018  0.68 11173700000208
21.12  0.015  0.99 11173700000208
21.88  0.043  0.41 11173700000209
21.90  0.032  0.68 11173700000209
21.88  0.034  0.69 11173700000209
21.90  0.034  0.68 11173700000209
21.86  0.028  0.98 11173700000209
21.90  0.026  0.99 11173700000209
15.46  0.001  0.41 11173700000212
15.46  0.001  0.68 11173700000212
15.46  0.001  0.69 11173700000212
15.47  0.001  0.68 11173700000212
18.83  0.004  0.41 11173700000214
18.84  0.004  0.69 11173700000214
18.87  0.004  0.68 11173700000214
23.43  0.147  0.41 11173700000215
23.33  0.091  0.99 11173700000215
19.51  0.006  0.41 11173700000216
19.50  0.006  0.69 11173700000216
19.51  0.006  0.68 11173700000216
22.47  0.062  0.41 11173700000219
22.45  0.042  0.99 11173700000219
21.64  0.031  0.41 11173700000220
18.22  0.003  0.41 11173700000221
18.21  0.003  0.69 11173700000221
18.22  0.003  0.68 11173700000221
23.28  0.127  0.41 11173700000224
23.31  0.131  0.41 11173700000225
23.66  0.156  0.69 11173700000225
23.99  0.162  0.99 11173700000225
23.24  0.123  0.41 11173700000226
23.04  0.084  0.69 11173700000226
23.40  0.115  0.68 11173700000226
20.55  0.013  0.41 11173700000227
20.54  0.011  0.69 11173700000227
20.55  0.011  0.68 11173700000227
22.90  0.090  0.41 11173700000228
22.78  0.055  0.99 11173700000228
21.78  0.034  0.41 11173700000229
21.78  0.024  0.99 11173700000229
20.54  0.013  0.41 11173700000230
20.54  0.011  0.69 11173700000230
20.55  0.011  0.68 11173700000230
20.55  0.011  0.99 11173700000230
16.76  0.001  0.41 11173700000231
16.75  0.001  0.69 11173700000231
16.76  0.001  0.68 11173700000231
16.76  0.001  0.99 11173700000231
19.97  0.009  0.41 11173700000232
19.96  0.008  0.69 11173700000232
19.96  0.008  0.68 11173700000232
19.97  0.007  0.99 11173700000232
18.88  0.004  0.41 11173700000233
18.88  0.004  0.69 11173700000233
18.88  0.004  0.68 11173700000233
18.88  0.004  0.99 11173700000233
21.43  0.026  0.41 11173700000234
21.39  0.021  0.69 11173700000234
21.47  0.023  0.68 11173700000234
21.41  0.019  0.99 11173700000234
21.43  0.026  0.41 11173700000235
21.45  0.022  0.69 11173700000235
21.42  0.022  0.68 11173700000235
21.45  0.020  0.99 11173700000235
23.36  0.139  0.41 11173700000237
23.12  0.097  0.69 11173700000237
23.32  0.112  0.68 11173700000237
23.30  0.088  0.99 11173700000237
23.08  0.109  0.41 11173700000238
23.07  0.069  0.99 11173700000238
21.57  0.029  0.41 11173700000239
21.53  0.024  0.69 11173700000239
21.54  0.024  0.68 11173700000239
21.57  0.021  0.99 11173700000239
21.70  0.032  0.41 11173700000240
21.62  0.027  0.69 11173700000240
21.71  0.028  0.68 11173700000240
21.65  0.022  0.99 11173700000240
22.77  0.081  0.41 11173700000241
22.99  0.080  0.69 11173700000241
22.91  0.075  0.68 11173700000241
22.87  0.061  0.99 11173700000241
21.73  0.033  0.41 11173700000242
21.69  0.027  0.69 11173700000242
21.70  0.027  0.68 11173700000242
21.72  0.024  0.99 11173700000242
23.05  0.104  0.41 11173700000243
22.78  0.054  0.99 11173700000243
22.76  0.080  0.41 11173700000244
22.88  0.072  0.69 11173700000244
22.97  0.080  0.68 11173700000244
22.92  0.063  0.99 11173700000244
21.47  0.027  0.41 11173700000246
22.95  0.095  0.41 11173700000247
23.20  0.103  0.69 11173700000247
23.03  0.087  0.68 11173700000247
22.92  0.060  0.99 11173700000247
22.50  0.063  0.41 11173700000248
22.57  0.045  0.99 11173700000248
21.41  0.025  0.41 11173700000250
21.39  0.023  0.69 11173700000250
21.40  0.022  0.68 11173700000250
21.40  0.018  0.99 11173700000250
23.43  0.145  0.41 11173700000251
23.63  0.147  0.68 11173700000251
23.72  0.125  0.99 11173700000251
22.11  0.046  0.41 11173700000255
22.10  0.037  0.69 11173700000255
22.08  0.037  0.68 11173700000255
22.08  0.032  0.99 11173700000255
23.23  0.123  0.41 11173700000256
23.35  0.086  0.99 11173700000256
23.12  0.110  0.41 11173700000257
22.95  0.061  0.99 11173700000257
23.33  0.133  0.41 11173700000258
23.65  0.151  0.68 11173700000258
22.14  0.047  0.41 11173700000259
22.13  0.039  0.69 11173700000259
22.14  0.039  0.68 11173700000259
22.16  0.034  0.99 11173700000259
21.95  0.040  0.41 11173700000260
21.92  0.032  0.69 11173700000260
21.95  0.033  0.68 11173700000260
21.88  0.027  0.99 11173700000260
20.05  0.009  0.41 11173700000261
20.04  0.008  0.69 11173700000261
20.05  0.008  0.68 11173700000261
20.09  0.008  0.99 11173700000261
22.66  0.074  0.41 11173700000262
22.55  0.055  0.69 11173700000262
22.62  0.059  0.68 11173700000262
22.58  0.047  0.99 11173700000262
20.64  0.014  0.41 11173700000264
20.66  0.012  0.69 11173700000264
20.62  0.011  0.99 11173700000264
19.56  0.006  0.41 11173700000265
19.56  0.006  0.69 11173700000265
19.56  0.006  0.99 11173700000265
21.68  0.032  0.41 11173700000266
21.67  0.026  0.69 11173700000266
21.64  0.023  0.99 11173700000266
22.64  0.073  0.41 11173700000267
22.76  0.065  0.69 11173700000267
22.80  0.057  0.99 11173700000267
18.77  0.004  0.41 11173700000268
18.77  0.004  0.68 11173700000268
18.77  0.004  0.99 11173700000268
22.45  0.061  0.41 11173700000269
22.47  0.041  0.99 11173700000269
14.38  0.000  0.41 11173700000272
21.86  0.040  0.41 11173700000277
21.89  0.034  0.69 11173700000277
23.08  0.116  0.41 11173700000278
22.84  0.076  0.69 11173700000278
23.02  0.074  0.99 11173700000278
20.62  0.015  0.41 11173700000280
20.60  0.011  0.99 11173700000280
14.17  0.000  0.41 11173700000281
17.04  0.002  0.41 11173700000282
17.04  0.002  0.99 11173700000282
15.28  0.001  0.41 11173700000286
15.29  0.001  0.69 11173700000286
15.28  0.001  0.68 11173700000286
15.28  0.001  0.99 11173700000286
22.86  0.096  0.41 11173700000287
23.00  0.089  0.69 11173700000287
23.09  0.091  0.68 11173700000287
23.10  0.078  0.99 11173700000287
16.02  0.001  0.41 11173700000290
16.02  0.001  0.68 11173700000290
16.02  0.001  0.99 11173700000290
22.86  0.094  0.41 11173700000291
22.91  0.066  0.99 11173700000291
19.97  0.009  0.41 11173700000294
20.00  0.008  0.68 11173700000294
22.67  0.080  0.41 11173700000295
22.68  0.062  0.68 11173700000295
22.74  0.057  0.99 11173700000295
19.47  0.006  0.41 11173700000297
19.48  0.006  0.69 11173700000297
19.48  0.006  0.68 11173700000297
22.79  0.085  0.41 11173700000299
22.83  0.075  0.68 11173700000299
22.75  0.057  0.99 11173700000299
21.36  0.025  0.41 11173700000300
21.31  0.021  0.68 11173700000300
21.30  0.018  0.99 11173700000300
23.36  0.143  0.41 11173700000301
23.60  0.136  0.69 11173700000301
23.63  0.143  0.68 11173700000301
23.38  0.098  0.99 11173700000301
21.51  0.028  0.41 11173700000303
21.50  0.025  0.68 11173700000303
21.53  0.022  0.99 11173700000303
20.65  0.014  0.41 11173700000306
20.62  0.013  0.68 11173700000306
20.63  0.011  0.99 11173700000306
17.62  0.002  0.41 11173700000309
17.62  0.002  0.68 11173700000309
17.62  0.002  0.99 11173700000309
17.69  0.002  0.41 11173700000311
17.69  0.002  0.68 11173700000311
17.70  0.002  0.99 11173700000311
21.93  0.040  0.41 11173700000312
21.85  0.033  0.68 11173700000312
21.87  0.028  0.99 11173700000312
21.17  0.021  0.41 11173700000313
21.19  0.019  0.68 11173700000313
21.16  0.016  0.99 11173700000313
19.72  0.007  0.41 11173700000314
19.70  0.006  0.69 11173700000314
19.72  0.006  0.99 11173700000314
20.62  0.014  0.41 11173700000315
20.61  0.013  0.68 11173700000315
20.62  0.011  0.99 11173700000315
22.46  0.064  0.41 11173700000316
22.41  0.052  0.69 11173700000316
22.43  0.053  0.68 11173700000316
23.37  0.141  0.41 11173700000317
23.58  0.135  0.68 11173700000317
23.50  0.110  0.99 11173700000317
23.62  0.178  0.41 11173700000318
24.02  0.205  0.99 11173700000318
23.27  0.130  0.41 11173700000319
23.30  0.113  0.69 11173700000319
23.22  0.107  0.68 11173700000319
23.31  0.093  0.99 11173700000319
23.09  0.111  0.41 11173700000320
23.23  0.108  0.69 11173700000320
23.23  0.107  0.68 11173700000320
23.16  0.083  0.99 11173700000320
23.32  0.136  0.41 11173700000321
23.78  0.150  0.99 11173700000321
23.05  0.107  0.41 11173700000322
22.98  0.085  0.69 11173700000322
23.19  0.103  0.68 11173700000322
22.52  0.067  0.41 11173700000323
22.62  0.062  0.69 11173700000323
22.59  0.061  0.68 11173700000323
22.59  0.049  0.99 11173700000323
21.84  0.037  0.41 11173700000324
21.85  0.030  0.69 11173700000324
21.80  0.030  0.68 11173700000324
21.84  0.027  0.99 11173700000324
19.66  0.007  0.41 11173700000327
19.64  0.007  0.69 11173700000327
19.64  0.007  0.68 11173700000327
14.75  0.001  0.41 11173700000328
14.75  0.001  0.68 11173700000328
23.16  0.135  0.41 11173700000329
22.95  0.086  0.68 11173700000329
23.23  0.139  0.41 11173700000330
23.17  0.105  0.68 11173700000330
21.95  0.044  0.41 11173700000332
21.94  0.036  0.68 11173700000332
22.60  0.063  0.68 11173700000333
22.00  0.047  0.41 11173700000334
21.97  0.036  0.69 11173700000334
21.98  0.037  0.68 11173700000334
22.78  0.092  0.41 11173700000335
22.74  0.070  0.69 11173700000335
22.72  0.070  0.68 11173700000335
22.57  0.076  0.41 11173700000336
22.60  0.062  0.69 11173700000336
22.57  0.061  0.68 11173700000336
17.39  0.002  0.41 11173700000338
17.39  0.002  0.69 11173700000338
17.39  0.002  0.68 11173700000338
21.26  0.025  0.41 11173700000341
21.22  0.020  0.69 11173700000341
21.24  0.020  0.68 11173700000341
20.54  0.014  0.41 11173700000343
20.58  0.012  0.69 11173700000343
20.57  0.012  0.99 11173700000343
23.34  0.152  0.41 11173700000344
23.52  0.140  0.69 11173700000344
23.43  0.130  0.68 11173700000344
23.49  0.123  0.99 11173700000344
22.83  0.096  0.41 11173700000345
22.77  0.072  0.69 11173700000345
22.80  0.074  0.68 11173700000345
22.71  0.060  0.99 11173700000345
22.99  0.110  0.41 11173700000347
23.11  0.097  0.69 11173700000347
23.04  0.092  0.68 11173700000347
23.01  0.076  0.99 11173700000347
23.36  0.156  0.41 11173700000348
23.32  0.115  0.69 11173700000348
23.54  0.134  0.68 11173700000348
23.57  0.132  0.99 11173700000348
17.20  0.002  0.41 11173700000349
17.20  0.002  0.69 11173700000349
17.20  0.002  0.99 11173700000349
22.70  0.086  0.41 11173700000351
22.50  0.057  0.69 11173700000351
22.56  0.060  0.68 11173700000351
22.60  0.055  0.99 11173700000351
22.87  0.100  0.41 11173700000352
23.08  0.095  0.69 11173700000352
22.94  0.084  0.68 11173700000352
22.99  0.076  0.99 11173700000352
23.28  0.145  0.41 11173700000354
23.47  0.134  0.69 11173700000354
23.65  0.157  0.68 11173700000354
23.61  0.133  0.99 11173700000354
23.16  0.130  0.41 11173700000355
23.31  0.116  0.69 11173700000355
23.59  0.149  0.68 11173700000355
23.73  0.158  0.99 11173700000355
22.92  0.105  0.41 11173700000356
23.04  0.090  0.68 11173700000356
23.13  0.126  0.41 11173700000357
23.05  0.091  0.69 11173700000357
23.05  0.082  0.99 11173700000357
21.44  0.029  0.41 11173700000358
21.49  0.024  0.69 11173700000358
21.44  0.022  0.68 11173700000358
21.50  0.022  0.99 11173700000358
23.21  0.135  0.41 11173700000359
23.44  0.129  0.69 11173700000359
23.37  0.114  0.68 11173700000359
23.34  0.103  0.99 11173700000359
23.35  0.154  0.41 11173700000360
23.33  0.103  0.99 11173700000360
18.87  0.005  0.41 11173700000363
18.89  0.004  0.69 11173700000363
18.89  0.004  0.68 11173700000363
18.89  0.004  0.99 11173700000363
22.36  0.064  0.41 11173700000364
22.40  0.052  0.69 11173700000364
22.45  0.054  0.68 11173700000364
22.45  0.047  0.99 11173700000364
23.14  0.129  0.41 11173700000366
23.25  0.112  0.69 11173700000366
23.16  0.101  0.68 11173700000366
23.12  0.083  0.99 11173700000366
23.12  0.125  0.41 11173700000367
23.33  0.118  0.69 11173700000367
23.26  0.103  0.68 11173700000367
23.21  0.093  0.99 11173700000367
22.87  0.095  0.41 11173700000372
19.37  0.006  0.41 11173700000373
19.38  0.006  0.68 11173700000373
23.48  0.163  0.41 11173700000374
23.99  0.187  0.99 11173700000374
22.73  0.083  0.41 11173700000376
23.22  0.104  0.69 11173700000376
23.20  0.103  0.68 11173700000376
23.00  0.106  0.41 11173700000377
23.13  0.076  0.99 11173700000377
23.08  0.115  0.41 11173700000378
23.41  0.123  0.68 11173700000378
22.81  0.089  0.41 11173700000380
22.95  0.081  0.68 11173700000380
17.17  0.002  0.41 11173700000381
17.18  0.002  0.69 11173700000381
17.17  0.002  0.68 11173700000381
23.33  0.153  0.41 11173700000382
23.51  0.140  0.69 11173700000382
23.37  0.122  0.68 11173700000382
23.86  0.191  0.99 11173700000382
21.12  0.023  0.41 11173700000384
21.19  0.020  0.69 11173700000384
21.16  0.019  0.68 11173700000384
22.90  0.103  0.41 11173700000385
22.98  0.088  0.69 11173700000385
22.95  0.083  0.68 11173700000385
22.94  0.069  0.99 11173700000385
22.67  0.083  0.41 11173700000386
22.71  0.068  0.69 11173700000386
22.72  0.064  0.68 11173700000386
22.80  0.061  0.99 11173700000386
22.57  0.077  0.41 11173700000387
22.49  0.057  0.69 11173700000387
22.40  0.052  0.68 11173700000387
21.48  0.030  0.41 11173700000389
21.48  0.024  0.68 11173700000389
23.10  0.116  0.41 11173700000393
22.94  0.064  0.99 11173700000393
15.83  0.001  0.41 11173700000398
15.84  0.001  0.69 11173700000398
15.83  0.001  0.68 11173700000398
15.83  0.001  0.99 11173700000398
22.35  0.060  0.41 11173700000399
22.43  0.053  0.69 11173700000399
22.43  0.053  0.68 11173700000399
18.34  0.003  0.41 11173700000401
18.34  0.003  0.69 11173700000401
18.33  0.003  0.68 11173700000401
22.67  0.079  0.41 11173700000403
22.76  0.055  0.99 11173700000403
21.90  0.041  0.41 11173700000404
21.91  0.034  0.69 11173700000404
21.90  0.034  0.68 11173700000404
21.88  0.028  0.99 11173700000404
18.45  0.003  0.41 11173700000407
18.45  0.003  0.68 11173700000407
18.44  0.003  0.99 11173700000407
22.80  0.088  0.41 11173700000410
23.09  0.092  0.63 11173700000410
22.90  0.062  0.99 11173700000410
23.26  0.134  0.41 11173700000411
23.34  0.119  0.69 11173700000411
23.30  0.112  0.68 11173700000411
23.30  0.096  0.99 11173700000411
22.72  0.083  0.41 11173700000412
22.69  0.067  0.69 11173700000412
22.77  0.070  0.68 11173700000412
22.66  0.052  0.99 11173700000412
23.27  0.137  0.41 11173700000414
23.30  0.115  0.69 11173700000414
23.35  0.116  0.68 11173700000414
23.39  0.096  0.99 11173700000414
23.23  0.130  0.41 11173700000415
23.20  0.080  0.99 11173700000415
17.61  0.002  0.41 11173700000416
17.61  0.002  0.63 11173700000416
17.61  0.002  0.69 11173700000416
17.62  0.002  0.68 11173700000416
17.53  0.002  0.99 11173700000416
20.98  0.019  0.41 11173700000417
20.96  0.016  0.63 11173700000417
20.91  0.016  0.69 11173700000417
20.97  0.015  0.68 11173700000417
20.93  0.014  0.99 11173700000417
16.38  0.001  0.41 11173700000418
16.38  0.001  0.63 11173700000418
16.37  0.001  0.69 11173700000418
16.38  0.001  0.68 11173700000418
20.16  0.010  0.41 11173700000419
20.15  0.009  0.63 11173700000419
19.69  0.007  0.41 11173700000422
19.70  0.007  0.69 11173700000422
19.68  0.007  0.68 11173700000422
19.68  0.006  0.99 11173700000422
22.83  0.091  0.41 11173700000423
19.24  0.006  0.41 11173700000424
19.23  0.005  0.63 11173700000424
19.23  0.005  0.69 11173700000424
19.25  0.005  0.68 11173700000424
19.24  0.005  0.99 11173700000424
23.45  0.160  0.41 11173700000425
23.49  0.136  0.69 11173700000425
23.39  0.120  0.68 11173700000425
20.27  0.011  0.41 11173700000427
20.23  0.010  0.69 11173700000427
20.26  0.010  0.68 11173700000427
23.30  0.140  0.41 11173700000428
23.41  0.127  0.69 11173700000428
23.34  0.115  0.68 11173700000428
23.41  0.100  0.99 11173700000428
21.90  0.041  0.41 11173700000430
21.83  0.032  0.69 11173700000430
21.79  0.026  0.99 11173700000430
21.06  0.021  0.41 11173700000431
21.04  0.017  0.69 11173700000431
21.02  0.015  0.99 11173700000431
20.14  0.010  0.41 11173700000433
20.16  0.009  0.69 11173700000433
20.14  0.009  0.68 11173700000433
20.15  0.008  0.99 11173700000433
23.32  0.145  0.41 11173700000436
23.18  0.127  0.41 11173700000437
22.99  0.064  0.99 11173700000437
20.19  0.011  0.41 11173700000439
20.20  0.009  0.63 11173700000439
20.22  0.010  0.69 11173700000439
20.20  0.009  0.68 11173700000439
20.19  0.008  0.98 11173700000439
20.19  0.008  0.99 11173700000439
15.39  0.001  0.41 11173700000440
15.40  0.001  0.63 11173700000440
15.40  0.001  0.69 11173700000440
15.40  0.001  0.68 11173700000440
15.40  0.001  0.98 11173700000440
21.01  0.020  0.41 11173700000442
21.03  0.016  0.63 11173700000442
21.03  0.017  0.69 11173700000442
21.02  0.016  0.68 11173700000442
21.04  0.015  0.98 11173700000442
21.02  0.014  0.99 11173700000442
23.18  0.127  0.41 11173700000443
23.34  0.112  0.63 11173700000443
23.25  0.106  0.69 11173700000443
23.29  0.102  0.68 11173700000443
23.16  0.081  0.98 11173700000443
23.22  0.078  0.99 11173700000443
21.63  0.033  0.41 11173700000445
21.48  0.024  0.69 11173700000445
21.42  0.023  0.68 11173700000445
21.42  0.020  0.99 11173700000445
16.79  0.001  0.41 11173700000446
16.79  0.001  0.69 11173700000446
16.79  0.001  0.68 11173700000446
16.80  0.001  0.99 11173700000446
21.51  0.030  0.41 11173700000447
21.56  0.027  0.69 11173700000447
21.55  0.024  0.68 11173700000447
23.02  0.111  0.41 11173700000451
20.60  0.014  0.41 11173700000452
20.56  0.011  0.69 11173700000452
20.58  0.013  0.68 11173700000452
21.97  0.042  0.41 11173700000453
21.96  0.033  0.69 11173700000453
21.91  0.036  0.68 11173700000453
18.49  0.003  0.41 11173700000454
18.46  0.003  0.69 11173700000454
18.46  0.003  0.68 11173700000454
20.40  0.012  0.41 11173700000455
20.42  0.010  0.69 11173700000455
20.44  0.012  0.68 11173700000455
19.27  0.005  0.41 11173700000457
19.27  0.005  0.69 11173700000457
19.28  0.005  0.99 11173700000457
22.79  0.085  0.41 11173700000459
23.00  0.089  0.69 11173700000459
22.76  0.064  0.99 11173700000459
22.99  0.103  0.41 11173700000460
23.00  0.082  0.69 11173700000460
22.90  0.083  0.68 11173700000460
21.38  0.026  0.41 11173700000461
21.38  0.021  0.69 11173700000461
21.37  0.023  0.68 11173700000461
22.09  0.046  0.41 11173700000463
22.05  0.039  0.69 11173700000463
23.33  0.140  0.41 11173700000465
23.39  0.116  0.69 11173700000465
23.37  0.125  0.68 11173700000465
21.59  0.030  0.41 11173700000466
21.55  0.024  0.69 11173700000466
21.57  0.027  0.68 11173700000466
20.89  0.017  0.41 11173700000467
20.87  0.015  0.69 11173700000467
20.87  0.016  0.68 11173700000467
21.80  0.036  0.41 11173700000468
21.80  0.029  0.69 11173700000468
21.69  0.030  0.68 11173700000468
22.33  0.057  0.41 11173700000469
22.21  0.045  0.69 11173700000469
22.25  0.040  0.99 11173700000469
22.26  0.056  0.41 11173700000470
22.33  0.052  0.69 11173700000470
22.28  0.044  0.68 11173700000470
23.39  0.155  0.41 11173700000471
23.27  0.112  0.69 11173700000471
23.39  0.120  0.68 11173700000471
23.33  0.093  0.99 11173700000471
21.45  0.028  0.41 11173700000475
21.43  0.023  0.69 11173700000475
21.44  0.023  0.68 11173700000475
21.45  0.027  0.41 11173700000476
21.45  0.023  0.69 11173700000476
21.45  0.024  0.68 11173700000476
14.29  0.000  0.41 11173700000479
21.64  0.032  0.41 11173700000480
21.62  0.025  0.69 11173700000480
21.61  0.028  0.68 11173700000480
22.21  0.052  0.41 11173700000481
22.16  0.039  0.69 11173700000481
22.10  0.041  0.68 11173700000481
22.62  0.075  0.41 11173700000482
22.72  0.063  0.69 11173700000482
22.68  0.067  0.68 11173700000482
22.73  0.055  0.99 11173700000482
23.42  0.153  0.41 11173700000483
22.62  0.073  0.41 11173700000484
22.84  0.077  0.69 11173700000484
22.74  0.070  0.68 11173700000484
15.66  0.001  0.41 11173700000485
15.70  0.001  0.68 11173700000485
16.66  0.001  0.41 11173700000488
16.67  0.001  0.68 11173700000488
21.92  0.041  0.41 11173700000489
21.79  0.029  0.69 11173700000489
21.76  0.031  0.68 11173700000489
15.72  0.001  0.41 11173700000490
15.71  0.001  0.68 11173700000490
18.28  0.003  0.41 11173700000492
18.26  0.003  0.69 11173700000492
18.23  0.003  0.68 11173700000492
23.60  0.179  0.41 11173700000493
16.06  0.001  0.41 11173700000494
16.03  0.001  0.68 11173700000494
16.03  0.001  0.99 11173700000494
18.85  0.004  0.41 11173700000495
18.84  0.004  0.69 11173700000495
18.86  0.004  0.68 11173700000495
23.27  0.133  0.41 11173700000496
23.52  0.132  0.68 11173700000496
21.51  0.024  0.63 11173700000499
21.51  0.027  0.66 11173700000499
23.61  0.145  0.63 11173700000500
23.43  0.123  0.63 11173700000501
23.59  0.111  0.98 11173700000501
23.66  0.151  0.63 11173700000502
23.91  0.146  0.98 11173700000502
23.65  0.151  0.63 11173700000503
23.84  0.143  0.98 11173700000503
22.88  0.076  0.63 11173700000505
22.70  0.065  0.68 11173700000505
22.84  0.056  0.98 11173700000505
23.50  0.131  0.63 11173700000506
23.26  0.106  0.68 11173700000506
23.58  0.114  0.98 11173700000506
23.40  0.120  0.63 11173700000509
23.24  0.099  0.68 11173700000509
23.28  0.085  0.98 11173700000509
23.32  0.126  0.66 11173700000509
23.77  0.168  0.63 11173700000510
23.71  0.157  0.63 11173700000511
24.08  0.173  0.99 11173700000511
18.52  0.023  0.63 11173700000512
22.24  0.044  0.63 11173700000514
22.08  0.038  0.68 11173700000514
22.15  0.032  0.98 11173700000514
22.16  0.032  0.99 11173700000514
23.39  0.117  0.63 11173700000515
23.78  0.132  0.98 11173700000515
23.86  0.152  0.99 11173700000515
23.69  0.155  0.63 11173700000517
23.68  0.121  0.98 11173700000517
23.62  0.112  0.99 11173700000517
23.76  0.164  0.63 11173700000518
23.24  0.104  0.63 11173700000520
23.40  0.115  0.68 11173700000520
23.40  0.096  0.98 11173700000520
23.37  0.132  0.66 11173700000520
23.47  0.100  0.99 11173700000520
23.60  0.143  0.63 11173700000522
23.65  0.117  0.98 11173700000522
23.70  0.119  0.99 11173700000522
22.62  0.061  0.63 11173700000524
22.68  0.064  0.68 11173700000524
22.73  0.051  0.98 11173700000524
22.67  0.048  0.99 11173700000524
21.90  0.033  0.63 11173700000525
21.80  0.034  0.66 11173700000525
21.88  0.026  0.99 11173700000525
23.55  0.138  0.63 11173700000526
23.87  0.151  0.98 11173700000526
23.96  0.171  0.99 11173700000526
21.54  0.025  0.63 11173700000528
21.50  0.024  0.68 11173700000528
21.49  0.019  0.98 11173700000528
21.52  0.020  0.99 11173700000528
23.68  0.152  0.63 11173700000529
23.62  0.147  0.68 11173700000529
23.56  0.106  0.98 11173700000529
23.70  0.121  0.99 11173700000529
15.09  0.001  0.63 11173700000531
15.08  0.001  0.68 11173700000531
23.73  0.159  0.63 11173700000532
24.03  0.162  0.98 11173700000532
23.40  0.120  0.63 11173700000533
23.70  0.128  0.98 11173700000533
23.55  0.156  0.66 11173700000533
23.36  0.089  0.99 11173700000533
23.62  0.148  0.63 11173700000534
23.81  0.137  0.98 11173700000534
22.79  0.070  0.63 11173700000538
22.82  0.073  0.68 11173700000538
22.84  0.056  0.98 11173700000538
22.76  0.052  0.99 11173700000538
21.73  0.029  0.63 11173700000540
21.76  0.030  0.68 11173700000540
21.77  0.024  0.98 11173700000540
21.75  0.023  0.99 11173700000540
23.58  0.140  0.63 11173700000543
23.55  0.136  0.63 11173700000544
23.28  0.109  0.68 11173700000544
23.50  0.100  0.98 11173700000544
23.43  0.099  0.99 11173700000544
23.71  0.157  0.63 11173700000546
23.43  0.124  0.68 11173700000546
23.77  0.131  0.98 11173700000546
23.72  0.123  0.99 11173700000546
23.70  0.154  0.63 11173700000548
23.70  0.121  0.99 11173700000548
21.03  0.017  0.63 11173700000550
21.08  0.017  0.68 11173700000550
21.05  0.014  0.99 11173700000550
23.53  0.133  0.63 11173700000551
23.78  0.130  0.99 11173700000551
23.72  0.158  0.63 11173700000552
23.51  0.134  0.68 11173700000552
23.68  0.116  0.99 11173700000552
22.49  0.054  0.63 11173700000553
22.41  0.039  0.99 11173700000553
23.66  0.150  0.63 11173700000555
24.01  0.190  0.99 11173700000555
23.57  0.139  0.63 11173700000557
23.25  0.135  0.57 11173700000557
23.30  0.107  0.68 11173700000557
23.41  0.099  0.98 11173700000557
23.65  0.118  0.99 11173700000557
23.54  0.135  0.63 11173700000558
23.63  0.144  0.68 11173700000558
23.64  0.112  0.98 11173700000558
23.80  0.136  0.99 11173700000558
23.25  0.104  0.63 11173700000559
23.31  0.112  0.68 11173700000559
23.20  0.075  0.98 11173700000559
23.22  0.076  0.99 11173700000559
23.28  0.107  0.63 11173700000560
23.24  0.085  0.98 11173700000560
23.15  0.073  0.99 11173700000560
23.57  0.139  0.63 11173700000564
23.59  0.114  0.98 11173700000564
23.71  0.131  0.99 11173700000564
22.72  0.065  0.63 11173700000565
22.88  0.058  0.98 11173700000565
22.73  0.051  0.99 11173700000565
20.67  0.013  0.63 11173700000568
20.63  0.013  0.68 11173700000568
20.65  0.011  0.99 11173700000568
16.50  0.001  0.63 11173700000571
16.49  0.001  0.68 11173700000571
16.53  0.001  0.98 11173700000571
16.53  0.001  0.99 11173700000571
23.79  0.166  0.63 11173700000572
23.56  0.142  0.68 11173700000572
23.73  0.120  0.98 11173700000572
23.60  0.111  0.99 11173700000572
23.61  0.142  0.63 11173700000573
23.49  0.154  0.57 11173700000573
23.58  0.106  0.98 11173700000573
23.83  0.134  0.99 11173700000573
23.74  0.161  0.63 11173700000574
23.44  0.128  0.68 11173700000574
23.61  0.110  0.98 11173700000574
23.66  0.117  0.99 11173700000574
23.66  0.149  0.63 11173700000575
23.71  0.144  0.63 11173700000577
23.95  0.181  0.63 11173700000578
23.89  0.156  0.99 11173700000578
23.71  0.145  0.63 11173700000579
23.71  0.162  0.68 11173700000579
23.70  0.171  0.68 11173700000579
23.85  0.157  0.99 11173700000579
23.25  0.103  0.63 11173700000580
23.14  0.113  0.57 11173700000580
23.24  0.079  0.98 11173700000580
23.17  0.073  0.99 11173700000580
15.33  0.001  0.41 11173700000581
15.35  0.000  0.63 11173700000581
15.34  0.001  0.68 11173700000581
23.69  0.155  0.63 11173700000582
24.02  0.195  0.99 11173700000582
24.06  0.193  0.99 11173700000587
23.49  0.121  0.63 11173700000589
21.86  0.043  0.41 11173700000590
21.84  0.029  0.63 11173700000590
21.80  0.031  0.68 11173700000590
21.79  0.024  0.98 11173700000590
21.84  0.025  0.99 11173700000590
23.75  0.152  0.63 11173700000593
22.00  0.033  0.63 11173700000596
22.23  0.041  0.63 11173700000599
22.06  0.030  0.98 11173700000599
22.10  0.033  0.99 11173700000599
23.31  0.103  0.63 11173700000600
23.26  0.082  0.98 11173700000600
23.32  0.093  0.99 11173700000600
22.93  0.074  0.63 11173700000601
23.06  0.069  0.98 11173700000601
23.13  0.077  0.99 11173700000601
23.80  0.157  0.63 11173700000602
24.15  0.216  0.99 11173700000602
23.34  0.104  0.63 11173700000604
23.43  0.096  0.98 11173700000604
23.59  0.120  0.99 11173700000604
21.46  0.031  0.41 11173700000605
21.51  0.022  0.63 11173700000605
21.50  0.024  0.68 11173700000605
21.50  0.026  0.68 11173700000605
21.50  0.019  0.98 11173700000605
21.48  0.020  0.99 11173700000605
23.65  0.136  0.63 11173700000606
23.80  0.158  0.63 11173700000607
23.55  0.112  0.99 11173700000607
23.61  0.132  0.63 11173700000608
23.74  0.150  0.63 11173700000609
24.06  0.170  0.98 11173700000609
23.91  0.193  0.99 11173700000609
23.73  0.147  0.63 11173700000611
24.09  0.169  0.98 11173700000611
23.73  0.147  0.63 11173700000613
23.31  0.101  0.63 11173700000614
23.21  0.110  0.68 11173700000614
23.30  0.084  0.98 11173700000614
23.24  0.085  0.99 11173700000614
23.53  0.124  0.63 11173700000615
23.58  0.110  0.98 11173700000615
23.65  0.141  0.99 11173700000615
23.75  0.150  0.63 11173700000616
23.65  0.135  0.63 11173700000617
23.51  0.108  0.99 11173700000617
23.69  0.144  0.63 11173700000620
23.68  0.157  0.68 11173700000620
23.81  0.130  0.98 11173700000620
23.69  0.142  0.63 11173700000621
24.02  0.192  0.63 11173700000624
21.77  0.027  0.63 11173700000625
21.79  0.031  0.68 11173700000625
21.81  0.033  0.68 11173700000625
21.82  0.024  0.98 11173700000625
23.71  0.158  0.63 11173700000628
23.66  0.138  0.63 11173700000630
