20.21  0.015  0.62 11173700000001
20.23  0.014  0.88 11173700000001
20.19  0.014  0.80 11173700000001
20.23  0.014  0.83 11173700000001
18.04  0.003  0.62 11173700000002
18.04  0.003  0.88 11173700000002
18.04  0.003  0.80 11173700000002
18.03  0.003  0.83 11173700000002
17.95  0.003  0.88 11173700000004
17.95  0.003  0.80 11173700000004
17.95  0.003  0.83 11173700000004
20.92  0.024  0.88 11173700000006
20.96  0.027  0.80 11173700000006
20.94  0.025  0.83 11173700000006
18.62  0.004  0.62 11173700000012
18.63  0.004  0.88 11173700000012
18.63  0.004  0.80 11173700000012
18.62  0.004  0.83 11173700000012
22.70  0.135  0.62 11173700000013
22.57  0.105  0.88 11173700000013
22.86  0.152  0.80 11173700000013
22.65  0.122  0.83 11173700000013
21.73  0.055  0.62 11173700000015
21.85  0.054  0.88 11173700000015
21.80  0.057  0.74 11173700000015
21.65  0.050  0.80 11173700000015
21.77  0.050  0.83 11173700000015
20.52  0.019  0.74 11173700000016
21.08  0.031  0.62 11173700000017
21.05  0.029  0.74 11173700000017
21.04  0.029  0.80 11173700000017
21.02  0.026  0.83 11173700000017
19.85  0.011  0.67 11173700000019
19.87  0.011  0.62 11173700000019
19.88  0.010  0.88 11173700000019
19.86  0.011  0.74 11173700000019
19.87  0.011  0.80 11173700000019
19.86  0.010  0.83 11173700000019
18.96  0.006  0.67 11173700000021
18.97  0.006  0.62 11173700000021
18.97  0.005  0.88 11173700000021
18.96  0.005  0.74 11173700000021
18.96  0.006  0.80 11173700000021
18.98  0.005  0.83 11173700000021
22.71  0.133  0.67 11173700000022
20.48  0.018  0.67 11173700000023
20.50  0.019  0.62 11173700000023
20.51  0.017  0.88 11173700000023
20.53  0.018  0.74 11173700000023
20.51  0.019  0.80 11173700000023
20.51  0.017  0.83 11173700000023
15.73  0.001  0.67 11173700000025
15.73  0.001  0.62 11173700000025
15.74  0.001  0.88 11173700000025
15.73  0.001  0.74 11173700000025
15.73  0.001  0.80 11173700000025
19.29  0.007  0.62 11173700000028
19.31  0.008  0.54 11173700000028
19.30  0.007  0.88 11173700000028
19.28  0.007  0.80 11173700000028
19.29  0.007  0.83 11173700000028
17.25  0.002  0.54 11173700000030
17.24  0.002  0.88 11173700000030
17.24  0.002  0.80 11173700000030
17.24  0.002  0.83 11173700000030
17.91  0.003  0.54 11173700000032
17.91  0.003  0.88 11173700000032
17.91  0.003  0.80 11173700000032
17.91  0.003  0.83 11173700000032
18.05  0.003  0.54 11173700000034
18.06  0.003  0.88 11173700000034
18.04  0.003  0.80 11173700000034
18.05  0.003  0.83 11173700000034
20.18  0.014  0.72 11173700000037
20.21  0.014  0.67 11173700000037
20.20  0.015  0.62 11173700000037
20.20  0.013  0.88 11173700000037
20.19  0.015  0.74 11173700000037
20.19  0.014  0.80 11173700000037
20.20  0.014  0.83 11173700000037
22.40  0.093  0.67 11173700000040
22.20  0.087  0.62 11173700000040
22.39  0.090  0.88 11173700000040
22.15  0.082  0.74 11173700000040
22.36  0.098  0.80 11173700000040
22.26  0.082  0.83 11173700000040
18.52  0.004  0.67 11173700000045
23.05  0.170  0.67 11173700000047
23.16  0.192  0.83 11173700000047
21.88  0.053  0.88 11173700000049
21.68  0.055  0.80 11173700000049
18.87  0.005  0.62 11173700000057
18.88  0.006  0.54 11173700000057
18.87  0.005  0.88 11173700000057
18.86  0.005  0.80 11173700000057
18.87  0.005  0.83 11173700000057
18.22  0.003  0.62 11173700000058
18.21  0.004  0.54 11173700000058
18.23  0.003  0.88 11173700000058
18.22  0.003  0.80 11173700000058
18.23  0.003  0.83 11173700000058
20.30  0.015  0.62 11173700000059
20.31  0.019  0.54 11173700000059
20.29  0.015  0.88 11173700000059
20.30  0.015  0.80 11173700000059
20.31  0.015  0.83 11173700000059
18.97  0.005  0.62 11173700000060
18.97  0.007  0.54 11173700000060
18.97  0.005  0.88 11173700000060
18.96  0.005  0.80 11173700000060
18.95  0.005  0.83 11173700000060
23.04  0.194  0.88 11173700000061
22.61  0.123  0.62 11173700000062
22.64  0.123  0.88 11173700000062
22.79  0.139  0.80 11173700000062
22.77  0.135  0.83 11173700000062
22.88  0.141  0.72 11173700000065
22.85  0.143  0.67 11173700000065
17.38  0.002  0.62 11173700000066
17.38  0.002  0.88 11173700000066
17.37  0.002  0.80 11173700000066
17.38  0.002  0.83 11173700000066
18.86  0.005  0.62 11173700000067
18.86  0.005  0.88 11173700000067
18.85  0.005  0.80 11173700000067
18.86  0.005  0.83 11173700000067
22.68  0.121  0.72 11173700000072
22.73  0.133  0.67 11173700000072
22.64  0.113  0.88 11173700000072
22.51  0.103  0.80 11173700000072
14.98  0.001  0.54 11173700000074
21.13  0.033  0.62 11173700000075
21.17  0.030  0.88 11173700000075
21.12  0.029  0.80 11173700000075
21.14  0.030  0.83 11173700000075
22.85  0.146  0.72 11173700000077
22.62  0.127  0.62 11173700000077
22.59  0.107  0.88 11173700000077
22.59  0.111  0.80 11173700000077
22.68  0.125  0.83 11173700000077
22.86  0.159  0.62 11173700000079
22.75  0.127  0.88 11173700000079
22.61  0.113  0.80 11173700000079
22.99  0.163  0.72 11173700000081
22.91  0.166  0.88 11173700000081
19.85  0.010  0.88 11173700000082
19.83  0.010  0.88 11173700000083
20.95  0.025  0.88 11173700000084
21.53  0.041  0.72 11173700000087
21.47  0.037  0.88 11173700000087
21.53  0.041  0.80 11173700000087
21.49  0.044  0.83 11173700000087
21.51  0.039  0.88 11173700000092
21.43  0.039  0.80 11173700000092
21.46  0.042  0.83 11173700000092
21.65  0.044  0.88 11173700000095
21.58  0.044  0.80 11173700000095
21.64  0.049  0.83 11173700000095
21.47  0.037  0.88 11173700000096
21.59  0.045  0.80 11173700000096
21.47  0.042  0.83 11173700000096
21.43  0.037  0.72 11173700000097
21.41  0.038  0.67 11173700000097
21.48  0.038  0.88 11173700000097
21.51  0.041  0.80 11173700000097
21.43  0.040  0.83 11173700000097
15.41  0.001  0.80 11173700000100
15.41  0.001  0.83 11173700000100
22.91  0.143  0.72 11173700000101
22.81  0.135  0.67 11173700000101
22.58  0.123  0.74 11173700000101
22.85  0.147  0.80 11173700000101
22.62  0.119  0.83 11173700000101
21.65  0.044  0.72 11173700000104
21.63  0.046  0.67 11173700000104
21.79  0.057  0.74 11173700000104
21.66  0.049  0.80 11173700000104
21.73  0.053  0.83 11173700000104
22.35  0.083  0.72 11173700000106
22.33  0.090  0.67 11173700000106
22.35  0.098  0.74 11173700000106
22.32  0.091  0.80 11173700000106
22.40  0.099  0.83 11173700000106
21.77  0.048  0.88 11173700000108
21.74  0.054  0.74 11173700000108
21.70  0.051  0.80 11173700000108
21.76  0.054  0.83 11173700000108
21.59  0.042  0.72 11173700000110
21.77  0.052  0.67 11173700000110
21.64  0.047  0.80 11173700000110
21.61  0.047  0.83 11173700000110
21.93  0.056  0.72 11173700000112
21.86  0.056  0.67 11173700000112
21.96  0.064  0.80 11173700000112
21.98  0.065  0.83 11173700000112
22.19  0.073  0.72 11173700000117
22.22  0.074  0.88 11173700000117
22.07  0.072  0.80 11173700000117
22.15  0.077  0.83 11173700000117
22.87  0.142  0.72 11173700000118
22.83  0.143  0.67 11173700000118
22.82  0.133  0.88 11173700000118
22.89  0.160  0.74 11173700000118
22.70  0.124  0.80 11173700000118
22.42  0.098  0.83 11173700000118
17.96  0.003  0.72 11173700000120
17.97  0.003  0.80 11173700000120
17.97  0.003  0.83 11173700000120
15.97  0.001  0.72 11173700000121
15.97  0.001  0.80 11173700000121
15.96  0.001  0.83 11173700000121
22.44  0.089  0.72 11173700000122
22.59  0.104  0.88 11173700000122
22.49  0.104  0.80 11173700000122
22.62  0.120  0.83 11173700000122
19.00  0.005  0.67 11173700000123
18.99  0.006  0.80 11173700000123
18.99  0.006  0.83 11173700000123
21.58  0.044  0.67 11173700000124
21.60  0.042  0.88 11173700000124
21.62  0.047  0.80 11173700000124
21.64  0.048  0.83 11173700000124
22.37  0.088  0.72 11173700000126
22.48  0.102  0.67 11173700000126
22.66  0.110  0.88 11173700000126
22.51  0.109  0.74 11173700000126
21.35  0.034  0.88 11173700000128
21.47  0.041  0.74 11173700000128
21.43  0.040  0.80 11173700000128
21.37  0.038  0.83 11173700000128
20.10  0.013  0.67 11173700000132
20.12  0.013  0.80 11173700000132
20.12  0.013  0.83 11173700000132
21.16  0.029  0.72 11173700000133
21.14  0.030  0.67 11173700000133
21.13  0.028  0.88 11173700000133
21.15  0.034  0.74 11173700000133
21.20  0.035  0.83 11173700000133
22.49  0.097  0.72 11173700000135
22.66  0.134  0.74 11173700000135
22.76  0.129  0.80 11173700000135
22.36  0.099  0.83 11173700000135
21.88  0.056  0.72 11173700000138
21.91  0.061  0.67 11173700000138
21.82  0.053  0.88 11173700000138
21.92  0.058  0.80 11173700000138
23.12  0.193  0.88 11173700000139
20.96  0.025  0.72 11173700000140
20.96  0.026  0.67 11173700000140
20.99  0.025  0.88 11173700000140
20.95  0.025  0.80 11173700000140
17.37  0.002  0.72 11173700000144
17.37  0.002  0.80 11173700000144
21.16  0.029  0.72 11173700000148
21.22  0.032  0.67 11173700000148
21.25  0.031  0.88 11173700000148
21.20  0.031  0.80 11173700000148
20.19  0.013  0.72 11173700000150
20.15  0.012  0.88 11173700000150
20.17  0.013  0.80 11173700000150
18.89  0.005  0.72 11173700000151
18.88  0.005  0.88 11173700000151
18.88  0.005  0.80 11173700000151
18.79  0.005  0.72 11173700000152
18.80  0.005  0.88 11173700000152
18.78  0.005  0.80 11173700000152
20.41  0.016  0.72 11173700000156
20.42  0.016  0.67 11173700000156
20.45  0.018  0.88 11173700000156
20.41  0.016  0.80 11173700000156
20.61  0.019  0.72 11173700000159
20.61  0.019  0.67 11173700000159
20.59  0.020  0.88 11173700000159
20.59  0.018  0.80 11173700000159
20.76  0.021  0.72 11173700000161
20.74  0.021  0.67 11173700000161
20.70  0.022  0.88 11173700000161
20.75  0.021  0.80 11173700000161
20.89  0.023  0.72 11173700000162
20.87  0.024  0.67 11173700000162
20.85  0.024  0.88 11173700000162
20.83  0.023  0.80 11173700000162
17.46  0.002  0.72 11173700000164
17.45  0.002  0.67 11173700000164
17.46  0.002  0.88 11173700000164
17.45  0.002  0.80 11173700000164
21.62  0.046  0.88 11173700000165
21.46  0.039  0.80 11173700000165
23.03  0.164  0.67 11173700000175
22.93  0.149  0.72 11173700000177
23.10  0.179  0.67 11173700000177
22.66  0.139  0.88 11173700000177
22.31  0.082  0.72 11173700000181
22.41  0.091  0.67 11173700000181
22.35  0.088  0.80 11173700000181
19.16  0.006  0.72 11173700000183
19.16  0.006  0.67 11173700000183
19.17  0.006  0.88 11173700000183
19.16  0.007  0.83 11173700000183
22.53  0.105  0.67 11173700000184
22.64  0.117  0.80 11173700000184
20.29  0.014  0.72 11173700000187
20.31  0.015  0.67 11173700000187
20.24  0.014  0.88 11173700000187
20.27  0.014  0.80 11173700000187
20.32  0.016  0.83 11173700000187
20.45  0.016  0.72 11173700000188
20.46  0.017  0.67 11173700000188
20.47  0.016  0.88 11173700000188
20.44  0.017  0.80 11173700000188
20.44  0.018  0.83 11173700000188
20.78  0.022  0.67 11173700000189
20.81  0.022  0.80 11173700000189
19.34  0.007  0.72 11173700000192
19.35  0.007  0.67 11173700000192
19.35  0.007  0.88 11173700000192
19.34  0.007  0.80 11173700000192
19.97  0.011  0.72 11173700000195
20.00  0.012  0.67 11173700000195
20.00  0.012  0.80 11173700000195
20.00  0.012  0.83 11173700000195
20.38  0.015  0.72 11173700000197
20.34  0.015  0.67 11173700000197
20.40  0.016  0.80 11173700000197
20.39  0.017  0.83 11173700000197
18.92  0.005  0.72 11173700000198
18.93  0.005  0.67 11173700000198
18.92  0.005  0.80 11173700000198
18.94  0.005  0.83 11173700000198
19.62  0.008  0.72 11173700000199
19.62  0.009  0.67 11173700000199
19.61  0.008  0.88 11173700000199
19.60  0.008  0.80 11173700000199
19.60  0.009  0.83 11173700000199
19.87  0.011  0.72 11173700000200
19.86  0.011  0.67 11173700000200
19.85  0.010  0.88 11173700000200
19.83  0.010  0.80 11173700000200
19.84  0.011  0.83 11173700000200
20.86  0.023  0.72 11173700000201
20.90  0.025  0.67 11173700000201
20.89  0.023  0.88 11173700000201
20.89  0.024  0.80 11173700000201
20.88  0.025  0.83 11173700000201
21.00  0.026  0.72 11173700000203
20.97  0.026  0.67 11173700000203
20.92  0.024  0.88 11173700000203
20.97  0.026  0.80 11173700000203
20.96  0.027  0.83 11173700000203
16.37  0.001  0.88 11173700000205
16.37  0.001  0.80 11173700000205
16.37  0.001  0.83 11173700000205
16.33  0.001  0.72 11173700000207
16.33  0.001  0.67 11173700000207
16.33  0.001  0.62 11173700000207
16.33  0.001  0.88 11173700000207
16.33  0.001  0.74 11173700000207
16.33  0.001  0.80 11173700000207
16.34  0.001  0.83 11173700000207
20.40  0.016  0.72 11173700000208
20.36  0.016  0.67 11173700000208
20.35  0.017  0.62 11173700000208
20.38  0.015  0.88 11173700000208
20.41  0.017  0.74 11173700000208
20.36  0.016  0.80 11173700000208
19.17  0.006  0.67 11173700000209
19.16  0.007  0.62 11173700000209
19.16  0.006  0.88 11173700000209
19.16  0.006  0.80 11173700000209
19.14  0.006  0.83 11173700000209
16.46  0.001  0.72 11173700000214
16.45  0.001  0.67 11173700000214
16.46  0.001  0.80 11173700000214
22.63  0.115  0.88 11173700000215
22.77  0.125  0.80 11173700000215
18.48  0.004  0.67 11173700000216
18.49  0.004  0.80 11173700000216
21.52  0.041  0.72 11173700000218
21.41  0.040  0.67 11173700000218
21.46  0.040  0.88 11173700000218
21.37  0.037  0.80 11173700000218
21.71  0.047  0.88 11173700000219
21.58  0.042  0.80 11173700000219
21.21  0.031  0.88 11173700000220
21.19  0.030  0.80 11173700000220
17.13  0.002  0.72 11173700000221
17.13  0.002  0.67 11173700000221
17.13  0.002  0.80 11173700000221
23.07  0.165  0.72 11173700000226
22.73  0.130  0.67 11173700000226
22.71  0.118  0.80 11173700000226
18.30  0.003  0.67 11173700000227
18.30  0.003  0.80 11173700000227
22.35  0.086  0.88 11173700000228
22.46  0.093  0.80 11173700000228
21.32  0.033  0.88 11173700000229
21.35  0.035  0.80 11173700000229
18.59  0.004  0.72 11173700000230
18.59  0.004  0.67 11173700000230
18.58  0.004  0.88 11173700000230
18.59  0.004  0.80 11173700000230
16.04  0.001  0.72 11173700000231
16.04  0.001  0.67 11173700000231
16.05  0.001  0.88 11173700000231
16.05  0.001  0.80 11173700000231
19.37  0.007  0.72 11173700000232
19.36  0.007  0.67 11173700000232
19.37  0.007  0.88 11173700000232
19.38  0.007  0.80 11173700000232
18.47  0.004  0.72 11173700000233
18.47  0.004  0.67 11173700000233
18.48  0.004  0.88 11173700000233
18.49  0.004  0.80 11173700000233
19.19  0.006  0.72 11173700000234
19.20  0.006  0.67 11173700000234
19.20  0.006  0.88 11173700000234
19.20  0.006  0.80 11173700000234
19.40  0.007  0.72 11173700000235
19.40  0.007  0.67 11173700000235
19.40  0.007  0.88 11173700000235
19.42  0.007  0.80 11173700000235
20.51  0.017  0.72 11173700000237
20.53  0.018  0.67 11173700000237
20.50  0.017  0.88 11173700000237
20.55  0.018  0.80 11173700000237
21.78  0.050  0.88 11173700000238
21.88  0.055  0.80 11173700000238
19.90  0.010  0.72 11173700000239
19.90  0.011  0.67 11173700000239
19.89  0.010  0.88 11173700000239
19.90  0.010  0.80 11173700000239
21.06  0.027  0.72 11173700000240
21.03  0.027  0.67 11173700000240
21.03  0.026  0.88 11173700000240
21.09  0.028  0.80 11173700000240
20.78  0.021  0.72 11173700000242
20.72  0.021  0.67 11173700000242
20.76  0.021  0.80 11173700000242
21.60  0.043  0.88 11173700000243
21.60  0.043  0.80 11173700000243
21.55  0.040  0.72 11173700000244
21.53  0.042  0.67 11173700000244
21.55  0.042  0.88 11173700000244
21.53  0.042  0.80 11173700000244
22.19  0.072  0.88 11173700000246
22.30  0.080  0.80 11173700000246
21.31  0.034  0.72 11173700000247
21.34  0.036  0.67 11173700000247
21.33  0.034  0.88 11173700000247
21.33  0.034  0.80 11173700000247
22.66  0.112  0.88 11173700000248
22.56  0.106  0.80 11173700000248
21.08  0.028  0.72 11173700000250
21.05  0.028  0.67 11173700000250
21.06  0.027  0.88 11173700000250
21.09  0.028  0.80 11173700000250
23.01  0.169  0.67 11173700000251
20.95  0.024  0.72 11173700000255
20.94  0.025  0.67 11173700000255
20.93  0.024  0.88 11173700000255
20.91  0.024  0.80 11173700000255
21.98  0.059  0.88 11173700000256
21.93  0.059  0.80 11173700000256
22.25  0.076  0.88 11173700000257
22.27  0.083  0.80 11173700000257
23.07  0.171  0.72 11173700000258
21.20  0.030  0.72 11173700000259
21.22  0.032  0.67 11173700000259
21.16  0.029  0.88 11173700000259
21.11  0.029  0.80 11173700000259
20.82  0.021  0.72 11173700000260
20.85  0.023  0.88 11173700000260
20.85  0.023  0.80 11173700000260
17.15  0.002  0.72 11173700000261
17.16  0.002  0.80 11173700000261
20.82  0.021  0.72 11173700000262
20.84  0.022  0.88 11173700000262
20.86  0.023  0.80 11173700000262
19.37  0.007  0.72 11173700000264
19.38  0.007  0.88 11173700000264
19.38  0.007  0.80 11173700000264
18.93  0.005  0.72 11173700000265
18.92  0.005  0.88 11173700000265
18.92  0.005  0.80 11173700000265
19.46  0.007  0.72 11173700000266
19.45  0.007  0.88 11173700000266
19.46  0.008  0.80 11173700000266
17.87  0.003  0.67 11173700000268
17.86  0.003  0.88 11173700000268
17.87  0.003  0.80 11173700000268
20.03  0.011  0.88 11173700000269
20.03  0.012  0.80 11173700000269
22.91  0.147  0.72 11173700000270
22.86  0.142  0.67 11173700000270
22.97  0.160  0.80 11173700000270
19.73  0.009  0.72 11173700000277
19.72  0.009  0.80 11173700000277
19.72  0.009  0.88 11173700000280
19.70  0.009  0.80 11173700000280
16.15  0.001  0.88 11173700000282
16.15  0.001  0.80 11173700000282
22.79  0.134  0.72 11173700000287
22.41  0.093  0.67 11173700000287
22.49  0.118  0.88 11173700000287
22.57  0.110  0.80 11173700000287
19.99  0.012  0.88 11173700000291
19.98  0.012  0.80 11173700000291
20.85  0.023  0.67 11173700000295
20.86  0.023  0.88 11173700000295
20.84  0.024  0.80 11173700000295
17.57  0.002  0.72 11173700000297
17.57  0.002  0.67 11173700000297
17.57  0.002  0.80 11173700000297
21.02  0.028  0.67 11173700000299
21.05  0.028  0.88 11173700000299
21.08  0.028  0.80 11173700000299
20.05  0.012  0.67 11173700000300
20.06  0.012  0.88 11173700000300
20.06  0.012  0.80 11173700000300
20.51  0.018  0.67 11173700000303
20.53  0.018  0.88 11173700000303
20.50  0.017  0.80 11173700000303
20.11  0.013  0.67 11173700000306
20.09  0.012  0.88 11173700000306
20.09  0.012  0.80 11173700000306
16.71  0.001  0.67 11173700000309
16.71  0.001  0.88 11173700000309
16.71  0.001  0.80 11173700000309
17.23  0.002  0.67 11173700000311
17.22  0.002  0.88 11173700000311
17.21  0.002  0.80 11173700000311
19.50  0.008  0.67 11173700000312
19.49  0.008  0.88 11173700000312
19.46  0.008  0.80 11173700000312
18.57  0.004  0.67 11173700000313
18.55  0.004  0.88 11173700000313
18.55  0.004  0.80 11173700000313
17.61  0.002  0.72 11173700000314
17.60  0.002  0.88 11173700000314
17.60  0.002  0.80 11173700000314
18.90  0.005  0.67 11173700000315
18.90  0.005  0.88 11173700000315
18.90  0.005  0.80 11173700000315
21.91  0.056  0.72 11173700000319
21.85  0.058  0.67 11173700000319
21.83  0.054  0.88 11173700000319
21.90  0.059  0.80 11173700000319
22.33  0.085  0.72 11173700000320
22.44  0.100  0.67 11173700000320
22.52  0.101  0.88 11173700000320
22.43  0.093  0.80 11173700000320
22.56  0.114  0.88 11173700000321
22.33  0.087  0.80 11173700000321
20.85  0.022  0.72 11173700000322
20.88  0.024  0.67 11173700000322
20.89  0.024  0.80 11173700000322
21.16  0.029  0.72 11173700000323
21.15  0.031  0.67 11173700000323
21.11  0.028  0.88 11173700000323
21.09  0.029  0.80 11173700000323
20.68  0.019  0.72 11173700000324
20.67  0.020  0.67 11173700000324
20.69  0.020  0.88 11173700000324
18.18  0.003  0.72 11173700000327
18.18  0.003  0.67 11173700000327
21.12  0.031  0.67 11173700000332
21.11  0.030  0.80 11173700000332
20.91  0.023  0.72 11173700000334
20.91  0.025  0.67 11173700000334
20.92  0.025  0.80 11173700000334
21.05  0.027  0.72 11173700000336
21.05  0.029  0.67 11173700000336
21.09  0.029  0.80 11173700000336
15.87  0.001  0.72 11173700000338
15.87  0.001  0.67 11173700000338
15.87  0.001  0.80 11173700000338
20.11  0.012  0.72 11173700000341
20.09  0.013  0.80 11173700000341
18.39  0.003  0.72 11173700000343
18.37  0.004  0.88 11173700000343
18.37  0.004  0.80 11173700000343
22.55  0.103  0.72 11173700000347
22.58  0.114  0.67 11173700000347
22.64  0.128  0.88 11173700000347
22.43  0.104  0.80 11173700000347
16.42  0.001  0.72 11173700000349
16.42  0.001  0.88 11173700000349
16.42  0.001  0.80 11173700000349
21.38  0.035  0.72 11173700000351
21.36  0.037  0.67 11173700000351
21.29  0.036  0.88 11173700000351
21.30  0.035  0.80 11173700000351
22.46  0.094  0.72 11173700000352
22.46  0.100  0.67 11173700000352
22.39  0.100  0.88 11173700000352
22.42  0.098  0.80 11173700000352
22.51  0.110  0.67 11173700000356
22.65  0.119  0.80 11173700000356
20.47  0.016  0.72 11173700000357
20.43  0.017  0.88 11173700000357
20.43  0.017  0.80 11173700000357
21.07  0.027  0.72 11173700000358
21.05  0.028  0.67 11173700000358
21.11  0.031  0.88 11173700000358
21.06  0.028  0.80 11173700000358
21.17  0.030  0.72 11173700000359
21.20  0.032  0.67 11173700000359
21.20  0.033  0.88 11173700000359
22.43  0.103  0.88 11173700000360
22.73  0.128  0.80 11173700000360
18.33  0.003  0.72 11173700000363
18.33  0.003  0.67 11173700000363
18.34  0.004  0.88 11173700000363
18.33  0.004  0.80 11173700000363
21.18  0.030  0.72 11173700000364
21.18  0.032  0.67 11173700000364
21.11  0.030  0.88 11173700000364
21.16  0.031  0.80 11173700000364
21.80  0.052  0.72 11173700000366
21.79  0.054  0.67 11173700000366
21.75  0.053  0.88 11173700000366
21.75  0.054  0.80 11173700000366
21.15  0.029  0.72 11173700000367
21.21  0.032  0.67 11173700000367
21.17  0.032  0.88 11173700000367
21.15  0.031  0.80 11173700000367
17.79  0.002  0.67 11173700000373
21.85  0.058  0.67 11173700000374
21.91  0.058  0.88 11173700000374
22.22  0.079  0.67 11173700000380
22.24  0.080  0.80 11173700000380
16.48  0.001  0.67 11173700000381
16.48  0.001  0.80 11173700000381
21.44  0.038  0.72 11173700000382
21.40  0.038  0.67 11173700000382
21.39  0.038  0.88 11173700000382
21.50  0.043  0.80 11173700000382
19.38  0.007  0.72 11173700000384
19.38  0.007  0.67 11173700000384
19.38  0.007  0.80 11173700000384
21.21  0.031  0.72 11173700000385
21.26  0.034  0.67 11173700000385
21.25  0.034  0.88 11173700000385
21.21  0.033  0.80 11173700000385
21.02  0.026  0.72 11173700000387
21.04  0.028  0.67 11173700000387
20.97  0.027  0.80 11173700000387
22.30  0.091  0.67 11173700000389
22.45  0.100  0.80 11173700000389
22.15  0.071  0.88 11173700000393
22.14  0.074  0.80 11173700000393
20.58  0.018  0.72 11173700000399
20.57  0.019  0.67 11173700000399
20.56  0.018  0.80 11173700000399
16.69  0.001  0.72 11173700000401
16.69  0.001  0.67 11173700000401
16.69  0.001  0.80 11173700000401
21.49  0.039  0.88 11173700000403
21.56  0.043  0.80 11173700000403
22.29  0.080  0.72 11173700000404
22.31  0.086  0.67 11173700000404
22.46  0.095  0.88 11173700000404
22.37  0.092  0.80 11173700000404
16.27  0.001  0.67 11173700000407
16.26  0.001  0.88 11173700000407
16.26  0.001  0.80 11173700000407
22.77  0.132  0.80 11173700000410
20.89  0.023  0.72 11173700000411
20.93  0.025  0.67 11173700000411
20.92  0.024  0.88 11173700000411
20.89  0.024  0.80 11173700000411
21.39  0.036  0.72 11173700000412
21.40  0.038  0.67 11173700000412
21.38  0.035  0.88 11173700000412
21.39  0.038  0.80 11173700000412
20.78  0.021  0.72 11173700000414
20.84  0.023  0.67 11173700000414
20.82  0.022  0.88 11173700000414
20.80  0.023  0.80 11173700000414
22.50  0.098  0.88 11173700000415
22.62  0.118  0.80 11173700000415
17.51  0.002  0.72 11173700000416
17.50  0.002  0.67 11173700000416
17.51  0.002  0.88 11173700000416
17.51  0.002  0.74 11173700000416
19.33  0.007  0.72 11173700000417
19.32  0.007  0.67 11173700000417
19.33  0.007  0.88 11173700000417
19.33  0.008  0.74 11173700000417
19.34  0.007  0.80 11173700000417
15.61  0.001  0.72 11173700000418
15.61  0.001  0.67 11173700000418
15.61  0.001  0.74 11173700000418
15.61  0.001  0.80 11173700000418
18.64  0.004  0.72 11173700000419
18.64  0.004  0.67 11173700000419
18.65  0.005  0.74 11173700000419
18.65  0.004  0.80 11173700000419
17.08  0.002  0.72 11173700000422
17.09  0.002  0.67 11173700000422
17.08  0.002  0.88 11173700000422
17.07  0.002  0.80 11173700000422
17.75  0.002  0.72 11173700000424
17.75  0.002  0.67 11173700000424
17.75  0.002  0.88 11173700000424
17.75  0.003  0.74 11173700000424
17.75  0.002  0.80 11173700000424
23.08  0.182  0.67 11173700000425
19.69  0.009  0.72 11173700000427
19.66  0.009  0.67 11173700000427
19.64  0.009  0.80 11173700000427
20.82  0.022  0.72 11173700000428
20.79  0.021  0.88 11173700000428
20.81  0.023  0.80 11173700000428
19.37  0.007  0.72 11173700000430
19.38  0.007  0.88 11173700000430
19.36  0.007  0.80 11173700000430
19.82  0.010  0.72 11173700000431
19.82  0.010  0.88 11173700000431
19.82  0.010  0.80 11173700000431
18.67  0.004  0.72 11173700000433
18.69  0.004  0.67 11173700000433
18.68  0.004  0.88 11173700000433
18.66  0.004  0.80 11173700000433
22.43  0.091  0.88 11173700000434
22.51  0.106  0.80 11173700000434
22.51  0.100  0.72 11173700000436
22.57  0.114  0.67 11173700000436
22.47  0.103  0.80 11173700000436
21.85  0.052  0.88 11173700000437
21.78  0.054  0.80 11173700000437
19.08  0.006  0.72 11173700000439
19.08  0.006  0.67 11173700000439
19.07  0.005  0.88 11173700000439
19.09  0.006  0.74 11173700000439
19.07  0.006  0.80 11173700000439
19.07  0.006  0.83 11173700000439
20.30  0.014  0.72 11173700000442
20.30  0.014  0.67 11173700000442
20.28  0.013  0.88 11173700000442
20.26  0.015  0.74 11173700000442
20.33  0.016  0.80 11173700000442
20.33  0.016  0.83 11173700000442
20.24  0.014  0.72 11173700000443
20.22  0.014  0.67 11173700000443
20.27  0.013  0.88 11173700000443
20.25  0.015  0.74 11173700000443
20.20  0.014  0.80 11173700000443
20.24  0.015  0.83 11173700000443
21.15  0.029  0.72 11173700000445
21.09  0.029  0.67 11173700000445
21.09  0.028  0.88 11173700000445
21.00  0.027  0.80 11173700000445
16.14  0.001  0.72 11173700000446
16.14  0.001  0.67 11173700000446
16.13  0.001  0.88 11173700000446
19.02  0.006  0.67 11173700000447
19.01  0.006  0.80 11173700000447
19.96  0.011  0.72 11173700000452
19.96  0.012  0.67 11173700000452
19.93  0.011  0.80 11173700000452
19.73  0.009  0.72 11173700000453
19.74  0.010  0.67 11173700000453
19.73  0.010  0.80 11173700000453
16.90  0.001  0.72 11173700000454
16.90  0.001  0.67 11173700000454
16.90  0.002  0.80 11173700000454
19.91  0.010  0.72 11173700000455
19.91  0.011  0.67 11173700000455
19.92  0.011  0.80 11173700000455
18.76  0.004  0.72 11173700000457
18.75  0.005  0.88 11173700000457
18.76  0.005  0.80 11173700000457
19.93  0.010  0.72 11173700000459
19.89  0.011  0.88 11173700000459
19.89  0.011  0.80 11173700000459
20.62  0.018  0.72 11173700000460
20.62  0.020  0.67 11173700000460
20.62  0.020  0.80 11173700000460
20.31  0.014  0.72 11173700000461
20.31  0.015  0.67 11173700000461
20.34  0.016  0.80 11173700000461
20.35  0.015  0.72 11173700000463
20.31  0.016  0.88 11173700000463
20.32  0.015  0.80 11173700000463
20.67  0.019  0.72 11173700000465
20.72  0.021  0.67 11173700000465
20.65  0.021  0.80 11173700000465
19.06  0.005  0.72 11173700000466
19.06  0.006  0.67 11173700000466
19.03  0.006  0.80 11173700000466
18.22  0.003  0.72 11173700000467
18.22  0.003  0.67 11173700000467
18.20  0.003  0.80 11173700000467
19.55  0.008  0.72 11173700000468
19.55  0.008  0.67 11173700000468
19.53  0.008  0.80 11173700000468
19.04  0.005  0.72 11173700000469
19.01  0.006  0.88 11173700000469
19.00  0.006  0.80 11173700000469
20.46  0.017  0.72 11173700000470
20.43  0.016  0.67 11173700000470
20.44  0.017  0.80 11173700000470
21.52  0.041  0.72 11173700000471
21.52  0.042  0.67 11173700000471
21.48  0.039  0.88 11173700000471
21.48  0.042  0.80 11173700000471
21.38  0.036  0.72 11173700000475
21.40  0.038  0.67 11173700000475
21.33  0.034  0.88 11173700000475
21.38  0.038  0.80 11173700000475
20.52  0.018  0.67 11173700000476
20.48  0.018  0.80 11173700000476
19.68  0.009  0.67 11173700000480
19.71  0.010  0.80 11173700000480
20.76  0.022  0.67 11173700000481
20.73  0.022  0.80 11173700000481
21.75  0.052  0.67 11173700000482
21.71  0.050  0.88 11173700000482
21.86  0.059  0.80 11173700000482
21.86  0.055  0.72 11173700000484
21.87  0.058  0.67 11173700000484
21.81  0.055  0.88 11173700000484
16.04  0.001  0.80 11173700000488
19.18  0.006  0.67 11173700000489
19.15  0.006  0.80 11173700000489
15.19  0.001  0.67 11173700000490
15.42  0.001  0.72 11173700000492
15.43  0.001  0.67 11173700000492
15.41  0.001  0.80 11173700000492
17.55  0.002  0.67 11173700000495
17.55  0.002  0.80 11173700000495
20.96  0.030  0.68 11173700000499
21.02  0.027  0.88 11173700000499
21.01  0.029  0.74 11173700000499
21.04  0.027  0.83 11173700000499
22.83  0.157  0.62 11173700000502
22.95  0.169  0.74 11173700000502
22.31  0.092  0.62 11173700000505
22.20  0.085  0.74 11173700000505
22.20  0.075  0.83 11173700000505
22.61  0.122  0.62 11173700000506
22.82  0.136  0.83 11173700000506
22.94  0.181  0.68 11173700000510
17.54  0.002  0.88 11173700000512
21.63  0.050  0.62 11173700000514
21.55  0.040  0.88 11173700000514
21.55  0.047  0.74 11173700000514
21.62  0.044  0.83 11173700000514
23.16  0.205  0.88 11173700000518
23.12  0.196  0.88 11173700000520
22.91  0.213  0.88 11173700000522
22.88  0.158  0.83 11173700000522
21.53  0.046  0.62 11173700000524
21.50  0.039  0.88 11173700000524
21.51  0.045  0.74 11173700000524
21.51  0.040  0.83 11173700000524
21.23  0.039  0.68 11173700000525
21.18  0.030  0.88 11173700000525
21.21  0.034  0.74 11173700000525
21.20  0.030  0.83 11173700000525
21.08  0.031  0.62 11173700000528
21.09  0.027  0.88 11173700000528
21.10  0.031  0.74 11173700000528
21.17  0.030  0.83 11173700000528
22.33  0.097  0.62 11173700000529
22.42  0.089  0.88 11173700000529
22.35  0.096  0.74 11173700000529
22.15  0.071  0.83 11173700000529
22.72  0.121  0.88 11173700000533
22.74  0.138  0.74 11173700000533
22.90  0.143  0.83 11173700000533
21.78  0.057  0.62 11173700000538
21.80  0.051  0.88 11173700000538
21.73  0.054  0.74 11173700000538
21.77  0.050  0.83 11173700000538
21.39  0.041  0.62 11173700000540
21.37  0.035  0.88 11173700000540
21.44  0.042  0.74 11173700000540
21.46  0.038  0.83 11173700000540
22.57  0.103  0.88 11173700000543
22.57  0.118  0.74 11173700000543
22.61  0.108  0.83 11173700000543
21.93  0.066  0.62 11173700000544
21.77  0.050  0.88 11173700000544
21.86  0.062  0.74 11173700000544
21.89  0.056  0.83 11173700000544
22.84  0.151  0.74 11173700000546
22.65  0.131  0.62 11173700000548
22.64  0.125  0.88 11173700000548
22.79  0.144  0.74 11173700000548
18.65  0.005  0.62 11173700000550
18.66  0.004  0.88 11173700000550
18.64  0.005  0.74 11173700000550
21.04  0.026  0.88 11173700000553
21.03  0.029  0.74 11173700000553
23.16  0.227  0.88 11173700000556
22.86  0.169  0.83 11173700000556
22.87  0.157  0.62 11173700000557
22.95  0.195  0.88 11173700000557
22.85  0.140  0.83 11173700000557
22.26  0.090  0.62 11173700000559
22.32  0.081  0.88 11173700000559
22.36  0.096  0.74 11173700000559
22.41  0.088  0.83 11173700000559
22.77  0.120  0.88 11173700000562
23.04  0.170  0.88 11173700000566
18.16  0.003  0.88 11173700000568
18.15  0.003  0.74 11173700000568
23.04  0.177  0.88 11173700000573
23.09  0.210  0.88 11173700000577
22.84  0.158  0.62 11173700000579
22.95  0.152  0.88 11173700000579
22.92  0.166  0.74 11173700000579
22.40  0.107  0.66 11173700000580
22.48  0.094  0.88 11173700000580
22.47  0.104  0.74 11173700000580
22.36  0.084  0.83 11173700000580
22.57  0.125  0.62 11173700000587
22.53  0.107  0.88 11173700000587
19.76  0.010  0.62 11173700000590
19.76  0.009  0.88 11173700000590
19.77  0.010  0.74 11173700000590
19.75  0.010  0.80 11173700000590
19.77  0.010  0.83 11173700000590
21.60  0.048  0.74 11173700000599
21.49  0.040  0.83 11173700000599
22.14  0.072  0.88 11173700000600
22.26  0.087  0.74 11173700000600
22.18  0.075  0.83 11173700000600
22.27  0.082  0.88 11173700000601
22.17  0.079  0.74 11173700000601
22.23  0.078  0.83 11173700000601
20.94  0.026  0.67 11173700000605
20.97  0.028  0.62 11173700000605
20.92  0.024  0.88 11173700000605
20.94  0.026  0.74 11173700000605
20.91  0.026  0.80 11173700000605
20.98  0.025  0.83 11173700000605
22.88  0.156  0.67 11173700000607
22.79  0.145  0.74 11173700000607
23.13  0.201  0.83 11173700000607
22.99  0.177  0.74 11173700000615
22.87  0.162  0.74 11173700000620
22.93  0.147  0.88 11173700000621
21.37  0.038  0.74 11173700000625
21.44  0.037  0.83 11173700000625
18.23  0.003  0.72 11173700000636
18.25  0.003  0.67 11173700000636
18.24  0.003  0.62 11173700000636
18.22  0.003  0.74 11173700000636
18.23  0.003  0.80 11173700000636
18.24  0.003  0.83 11173700000636
20.64  0.020  0.72 11173700000639
20.61  0.020  0.67 11173700000639
20.67  0.022  0.62 11173700000639
20.60  0.018  0.88 11173700000639
20.60  0.021  0.74 11173700000639
20.65  0.021  0.80 11173700000639
20.62  0.020  0.83 11173700000639
22.57  0.126  0.74 11173700000641
23.17  0.208  0.88 11173700000643
23.00  0.177  0.67 11173700000645
23.10  0.181  0.83 11173700000645
22.38  0.088  0.88 11173700000646
22.30  0.088  0.74 11173700000646
22.97  0.158  0.83 11173700000650
21.24  0.031  0.88 11173700000652
21.24  0.034  0.74 11173700000652
21.16  0.029  0.83 11173700000652
21.07  0.027  0.88 11173700000654
21.06  0.029  0.74 11173700000654
20.06  0.012  0.72 11173700000656
20.07  0.013  0.67 11173700000656
20.05  0.013  0.62 11173700000656
20.05  0.013  0.74 11173700000656
20.07  0.013  0.80 11173700000656
20.06  0.012  0.83 11173700000656
20.33  0.015  0.72 11173700000658
20.32  0.015  0.67 11173700000658
20.32  0.017  0.62 11173700000658
20.35  0.015  0.88 11173700000658
20.33  0.016  0.74 11173700000658
20.34  0.016  0.80 11173700000658
20.32  0.015  0.83 11173700000658
18.76  0.005  0.72 11173700000666
18.76  0.005  0.67 11173700000666
18.76  0.005  0.62 11173700000666
18.75  0.004  0.88 11173700000666
18.75  0.005  0.74 11173700000666
18.75  0.005  0.80 11173700000666
22.76  0.141  0.67 11173700000671
22.62  0.106  0.88 11173700000671
22.85  0.145  0.74 11173700000671
22.50  0.096  0.83 11173700000671
22.61  0.117  0.83 11173700000672
16.15  0.001  0.72 11173700000681
16.15  0.001  0.62 11173700000681
16.16  0.001  0.88 11173700000681
16.15  0.001  0.74 11173700000681
16.66  0.001  0.72 11173700000684
16.66  0.001  0.67 11173700000684
16.66  0.001  0.62 11173700000684
16.66  0.001  0.88 11173700000684
16.66  0.001  0.74 11173700000684
16.66  0.001  0.80 11173700000684
16.67  0.001  0.83 11173700000684
22.98  0.160  0.67 11173700000686
23.10  0.183  0.88 11173700000686
22.89  0.158  0.74 11173700000686
23.07  0.174  0.83 11173700000686
21.41  0.036  0.88 11173700000689
21.44  0.040  0.74 11173700000689
21.37  0.035  0.83 11173700000689
21.45  0.037  0.88 11173700000690
21.52  0.043  0.74 11173700000690
21.44  0.037  0.83 11173700000690
22.94  0.188  0.88 11173700000706
23.11  0.190  0.83 11173700000706
22.78  0.137  0.88 11173700000711
22.81  0.134  0.74 11173700000711
22.60  0.122  0.67 11173700000714
22.61  0.126  0.62 11173700000714
22.53  0.109  0.74 11173700000714
22.50  0.098  0.83 11173700000714
20.72  0.025  0.66 11173700000720
20.74  0.020  0.88 11173700000720
20.71  0.020  0.74 11173700000720
20.73  0.020  0.83 11173700000720
22.86  0.140  0.88 11173700000722
22.91  0.155  0.74 11173700000722
22.80  0.124  0.83 11173700000722
21.37  0.036  0.74 11173700000724
21.43  0.037  0.83 11173700000724
22.91  0.165  0.74 11173700000726
22.17  0.070  0.88 11173700000733
22.16  0.076  0.74 11173700000733
23.03  0.191  0.88 11173700000743
22.89  0.155  0.74 11173700000743
23.08  0.187  0.74 11173700000745
22.00  0.069  0.67 11173700000746
21.97  0.059  0.88 11173700000746
22.14  0.075  0.74 11173700000746
22.12  0.068  0.83 11173700000746
18.58  0.004  0.88 11173700000747
18.59  0.004  0.74 11173700000747
18.58  0.004  0.83 11173700000747
22.74  0.128  0.67 11173700000752
22.67  0.136  0.62 11173700000752
23.05  0.199  0.88 11173700000752
22.75  0.139  0.74 11173700000752
22.90  0.153  0.83 11173700000752
22.86  0.157  0.67 11173700000756
23.06  0.177  0.88 11173700000756
22.41  0.102  0.67 11173700000757
22.44  0.108  0.62 11173700000757
22.47  0.096  0.88 11173700000757
22.50  0.105  0.74 11173700000757
22.37  0.086  0.83 11173700000757
19.10  0.006  0.88 11173700000765
19.11  0.006  0.74 11173700000765
19.10  0.006  0.83 11173700000765
23.00  0.163  0.67 11173700000774
22.80  0.150  0.62 11173700000774
22.78  0.145  0.88 11173700000774
22.68  0.132  0.74 11173700000774
22.95  0.167  0.80 11173700000774
22.52  0.103  0.67 11173700000776
22.34  0.098  0.62 11173700000776
22.55  0.099  0.88 11173700000776
22.71  0.137  0.74 11173700000776
22.55  0.105  0.83 11173700000776
21.71  0.049  0.67 11173700000778
21.60  0.050  0.62 11173700000778
21.67  0.045  0.88 11173700000778
21.59  0.048  0.74 11173700000778
21.67  0.047  0.83 11173700000778
22.91  0.163  0.67 11173700000782
22.75  0.142  0.67 11173700000784
22.60  0.126  0.88 11173700000784
22.88  0.153  0.74 11173700000784
22.17  0.071  0.88 11173700000786
22.26  0.084  0.74 11173700000786
18.15  0.003  0.66 11173700000792
18.15  0.003  0.88 11173700000792
18.16  0.003  0.74 11173700000792
18.17  0.003  0.83 11173700000792
20.85  0.027  0.66 11173700000793
20.81  0.021  0.88 11173700000793
20.84  0.023  0.74 11173700000793
20.85  0.022  0.83 11173700000793
19.76  0.009  0.67 11173700000797
19.77  0.009  0.88 11173700000797
19.75  0.010  0.74 11173700000797
22.98  0.167  0.88 11173700000802
23.03  0.158  0.83 11173700000802
20.26  0.014  0.67 11173700000804
20.25  0.013  0.88 11173700000804
20.32  0.014  0.88 11173700000805
20.34  0.016  0.74 11173700000805
20.31  0.017  0.80 11173700000805
21.41  0.037  0.67 11173700000806
21.36  0.033  0.88 11173700000806
21.38  0.039  0.74 11173700000806
21.38  0.042  0.80 11173700000806
