21.3641
19.4372
18.4857
23.4246
21.1541
19.6004
22.8466
22.0272
21.1023
20.9464
20.4172
20.6483
15.8478
19.5969
19.5806
17.5068
17.5082
19.0283
19.0253
18.2803
18.279
21.8176
21.4796
22.5292
23.0408
23.3677
19.446
19.4488
19.3654
19.3657
21.3223
21.3102
20.797
20.7931
22.8285
23.023
17.9421
19.0708
19.0676
15.0718
21.5827
22.8493
22.914
23.483
23.3377
21.1862
21.6041
21.6688
22.6311
22.2236
21.8978
21.9862
15.5077
23.0798
22.5514
22.4108
21.6795
21.7803
22.008
23.1009
22.2974
23.1552
18.7207
16.7994
22.5072
20.2046
21.8338
22.9041
21.6056
20.3483
21.2907
19.3384
20.6829
21.4562
20.0598
20.5242
19.8292
20.9693
21.3046
16.5974
16.5099
20.4059
19.3461
20.4759
21.7055
21.1818
22.2939
22.9051
21.6921
23.3021
23.1965
23.2668
23.0363
23.3368
21.7832
21.35
21.2069
22.7502
23.1921
23.1584
22.04
21.469
22.2724
23.0197
22.6592
22.1806
23.0086
22.6237
20.461
21.7279
22.4519
22.3884
23.6492
21.0792
23.3594
19.5704
23.1695
21.3023
23.3043
22.0088
21.4191
20.7005
21.6849
23.1464
16.2785
16.778
23.3749
21.9812
21.861
22.9171
23.353
23.1761
23.3814
22.7436
23.5269
20.9513
22.9911
21.7707
22.7009
22.5192
18.6451
23.2567
23.0565
22.6075
19.3747
22.6063
22.8502
22.4884
22.2227
22.7777
23.5821
19.1181
21.306
23.3133
23.2947
23.6284
23.5532
19.9027
21.962
20.939
19.1862
21.6354
23.3816
22.7308
21.1122
23.5295
23.4619
23.3213
22.6256
21.9415
21.656
23.0925
21.2386
23.6158
20.9737
20.5739
18.4143
22.8145
22.2897
19.2468
20.1816
22.865
23.2191
23.206
21.375
22.7532
22.9387
23.5193
20.396
21.5661
23.1927
23.0961
17.597
22.9042
21.9919
22.9831
23.2708
22.8403
22.8903
22.7548
23.1628
22.5161
22.8666
22.4076
22.7264
17.7422
19.2411
21.6174
18.8952
23.0807
22.3799
23.2843
17.6778
15.3518
22.5524
17.4318
21.3501
20.2899
21.6914
20.2386
20.4935
17.0761
21.7564
18.5145
18.9526
17.5977
23.3129
23.0768
22.1046
22.0332
21.5584
19.6417
20.5159
20.7305
21.3773
23.5384
23.018
17.6598
23.1387
21.8201
21.4868
23.2312
19.3675
22.9226
21.7207
19.1051
22.1213
16.739
23.1238
21.1006
20.5298
20.8515
21.5801
21.0376
17.8057
21.2684
21.0041
21.4
17.348
20.1808
21.6039
21.4226
22.6504
23.2494
23.2568
22.8913
23.0308
20.5716
21.3762
19.8224
22.1884
23.3629
21.9319
20.2955
23.2856
20.8276
19.7994
23.2343
19.5757
22.6839
23.0669
22.8771
23.1482
22.9956
23.2712
22.5864
23.3342
22.6909
15.5217
22.2984
19.4785
20.4582
22.6967
20.7969
22.4085
22.5119
22.3336
23.1921
21.0755
22.805
23.1361
22.9548
17.6335
21.5667
21.8559
23.4707
23.3628
16.7349
18.9094
23.5731
23.3766
23.4774
23.6902
23.6852
23.2395
22.1869
23.2396
19.4493
23.2679
23.2632
23.5158
19.0497
23.2401
22.0303
23.182
23.4836
21.3621
23.3644
22.3212
23.4276
23.5444
20.4837
19.2421
21.4683
17.3944
22.4727
22.1761
22.0835
20.0674
21.8224
21.6614
20.774
20.7086
21.0805
21.9297
18.9136
18.658
23.1682
23.6449
21.9228
17.5021
22.0414
19.1585
19.8701
20.6961
21.1531
19.6433
21.991
22.5307
21.9567
23.1731
22.1468
22.6118
23.5603
16.0832
19.7115
22.6474
21.4576
18.9049
21.7228
19.6027
16.4592
21.5614
22.9156
22.8421
22.5478
21.9538
21.6741
23.6096
20.7806
17.397
23.5951
23.4107
18.3625
23.0805
21.0925
22.5485
17.4285
17.0383
18.4102
18.3764
20.2603
21.6211
21.6719
20.6555
23.4119
22.0153
23.3319
20.142
21.4617
19.71
22.2683
23.3254
21.7505
21.9349
21.3611
22.3535
21.2867
23.2138
23.3773
19.2295
20.5158
18.954
16.9904
20.4393
20.1121
23.442
16.1276
19.9788
17.6618
20.9514
18.7528
20.6052
20.1378
20.301
19.7578
19.7358
16.4524
20.7195
21.5573
23.6253
23.4719
22.702
21.8555
20.7057
22.4148
23.1701
22.2039
19.7143
19.5718
19.433
23.5779
22.7909
23.164
22.8744
15.8458
22.5822
21.9347
22.9286
20.1936
21.6563
15.6696
21.4574
22.6767
21.0012
20.6728
21.973
23.0595
22.7944
22.5055
21.955
22.3716
21.2295
22.1786
21.6829
22.9654
22.3986
21.3868
22.5735
21.4285
23.445
23.1717
22.3084
17.4456
21.3376
19.2488
15.0623
23.3847
22.2044
21.658
22.292
22.1482
20.9012
19.8184
22.1336
23.1925
22.0322
22.2856
22.7835
22.6928
22.0596
23.4421
22.9086
22.4132
22.9277
23.1094
23.3965
23.1341
23.079
22.9133
23.0708
23.3589
21.9586
22.1194
22.6405
21.629
22.0262
23.4796
23.3046
23.0257
22.6703
22.4336
23.4078
23.1499
23.367
22.1202
23.228
21.3099
23.5267
21.5259
23.4629
21.8387
22.7467
21.5289
20.2585
21.9126
22.9946
23.0659
23.074
22.9036
22.9179
21.5839
22.8495
23.1906
21.2285
23.4801
23.116
23.2356
23.2062
23.1812
21.7438
23.111
23.5129
23.4446
23.3869
23.3591
23.2916
23.5332
23.1756
22.5605
21.4363
22.7617
21.5345
22.8211
19.3595
21.4571
20.5353
21.0779
20.7839
17.6613
23.3118
19.0903
20.2984
17.0419
20.6718
23.224
23.1925
23.059
23.2268
22.7215
23.2929
18.2332
20.8875
19.0864
16.8112
21.5274
22.9128
22.8139
22.8125
21.3177
20.0089
22.6897
20.8566
22.9752
22.0851
21.3303
21.4801
18.8985
23.0744
20.6441
21.9505
22.958
19.2122
21.477
22.5232
21.564
21.2222
23.1659
22.3724
22.679
22.0105
22.12
22.8583
23.2996
22.3485
23.2302
23.3502
22.6147
22.8521
21.3009
22.6488
22.8192
21.4615
22.4018
20.8345
23.1708
23.4083
23.3191
22.7963
22.2453
15.4587
21.6119
22.7391
22.3094
22.0148
23.082
22.678
23.4233
22.9459
22.8071
20.0572
18.1293
23.1793
22.9453
22.0301
21.3791
23.3708
23.2011
18.827
22.3648
22.0701
15.2076
21.4647
16.7607
22.5384
23.3519
20.2976
22.5819
22.0874
17.8985
22.9349
18.1953
20.0605
21.4272
16.8624
23.4759
22.0032
19.9281
18.0769
23.3386
23.4651
21.3095
21.5412
22.8573
22.4398
22.8793
22.5928
22.5662
22.6685
23.2285
23.6134
23.6709
23.4771
23.3929
23.4997
23.3496
22.1637
22.1927
22.1812
22.0231
21.8313
23.0363
20.9527
20.1222
22.0628
16.1348
22.4847
22.7781
18.9915
19.7578
22.5407
21.8339
23.3782
22.503
19.4573
22.0047
22.4402
23.1731
23.1928
23.1439
23.5362
23.235
23.4796
22.9117
19.0615
23.445
22.9706
22.7658
23.2879
