15.1635
15.1692
22.9166
22.8563
22.793
22.7859
20.9371
20.9647
20.9749
20.9613
19.6791
19.6799
23.1908
23.2587
23.2741
21.9586
21.9498
21.8834
21.8657
21.061
21.0784
21.0812
21.063
23.4702
23.911
23.8712
22.5177
22.6792
22.6325
22.6067
21.0161
21.0505
21.416
21.3915
21.3771
21.3806
22.2501
22.2987
22.345
22.2904
22.3305
22.33
21.8476
21.933
21.9585
21.8866
21.9843
23.0515
23.519
23.7985
23.6639
21.1326
21.2213
21.2093
21.1988
21.2055
21.2259
15.36
15.3702
15.364
15.3594
15.3627
15.3697
16.4681
16.4681
16.4692
16.4582
16.4733
20.5902
20.5341
20.5384
20.5464
20.5531
18.3973
18.3953
18.3952
18.3924
20.4731
20.4951
20.4998
20.536
18.9554
18.9684
18.9644
18.9769
22.5679
22.581
22.686
22.7296
22.878
23.119
22.8767
22.9262
23.0341
22.9601
22.9631
15.5257
15.5296
15.5278
15.535
15.5244
22.5495
22.735
22.814
22.8803
22.8486
22.7632
23.8352
14.9548
14.9585
14.9548
14.9521
21.7315
21.826
21.7742
21.864
22.355
22.4647
22.1966
22.3423
22.1201
22.165
22.6352
22.6821
22.6047
22.7939
22.6623
23.7634
15.4194
15.4191
15.4253
20.8526
20.7912
20.8124
20.832
20.8422
20.8915
20.818
20.8574
20.8544
20.8336
22.611
22.7842
22.6548
22.7449
22.7377
22.5584
22.4469
22.347
22.3914
22.4621
22.8366
22.8258
22.9419
22.8976
22.9778
23.5877
19.2872
19.3031
19.2985
19.3129
19.8005
19.8035
19.8074
23.1655
23.4828
23.3678
23.3309
23.4103
15.6426
15.6332
15.6352
15.6438
15.6142
15.6148
15.6051
15.6115
15.6128
15.6236
22.7005
22.8087
22.8363
22.8755
22.807
22.9918
22.9526
23.0806
22.9739
23.2926
23.6838
23.6207
23.314
23.4568
23.5426
23.4082
23.5557
23.5617
21.9895
21.8874
22.466
22.3971
21.8709
21.9355
21.9817
22.1526
22.0343
22.1019
22.0984
22.8447
23.0429
23.1086
23.26
23.5949
23.6405
23.9626
22.3118
22.2402
22.2989
23.3989
23.2655
23.3112
23.2082
23.2842
23.4375
23.5841
23.382
23.0942
22.8727
22.8873
23.1422
23.4465
23.1837
23.3859
15.9286
15.9242
15.9327
15.9709
23.3223
23.3604
23.5731
23.5281
23.3172
22.9365
22.9053
22.9803
22.9703
22.8792
23.3751
23.4521
23.4717
22.0058
22.0116
22.0772
21.9953
22.3373
22.3684
22.4187
22.4221
23.3812
23.3887
23.8106
22.3275
22.2726
22.3108
22.3266
23.8518
23.2505
23.3857
23.2642
22.626
22.6439
22.6821
22.6305
23.0873
23.2468
23.2107
23.2776
23.1984
23.4079
20.2154
20.1955
20.1752
18.2533
18.2609
18.2352
22.8645
22.7758
22.8541
22.7712
21.702
21.6996
21.6886
22.4592
22.5549
22.4864
22.6371
23.1473
23.098
23.1095
22.8236
22.746
22.6917
22.7672
22.9398
22.9826
22.0914
22.1873
22.1076
22.1555
23.1774
21.0948
21.1338
21.1256
21.6856
21.7854
21.7486
21.7561
21.69
21.7547
23.136
23.3489
23.5385
23.515
23.4971
22.1839
22.2828
22.2879
22.2783
23.39
23.6759
21.3006
21.3694
21.3368
21.3515
17.9332
17.9402
17.9274
23.0287
22.8671
23.1342
23.0511
14.3303
21.557
21.5487
21.5951
20.88
20.8514
20.8539
21.7562
21.7967
21.8338
23.5098
22.4885
22.4011
22.4534
22.5926
23.3798
23.542
23.4321
23.5424
23.4706
23.6943
23.2951
23.3364
23.2789
22.3605
22.4431
22.3868
22.4091
22.881
22.8404
22.9995
22.8853
23.2538
23.554
23.3405
23.5645
19.8
19.7777
19.7678
19.7767
23.466
15.3846
15.3807
15.3839
15.3914
15.4951
15.4958
15.4954
15.5031
15.1818
15.1876
15.1835
23.4247
23.1228
23.3365
23.4369
23.521
23.516
23.0663
23.4631
15.7641
15.7609
15.7727
15.7663
23.6309
23.176
23.3135
22.9382
14.964
14.9604
14.9632
19.8514
19.8638
19.8895
19.8558
19.8564
23.3161
23.4974
21.7697
21.8004
21.7892
21.7665
21.7259
22.8551
22.7456
22.8381
22.8272
22.7425
21.09
21.0603
23.3705
23.5576
24.3569
22.6347
22.5014
22.5377
22.5353
15.6752
15.6892
15.6991
15.5804
15.5699
15.5822
20.3552
20.331
20.3268
20.3439
22.7271
22.604
22.7587
22.6908
22.7658
22.6692
23.0489
22.9962
22.8045
22.0579
22.0299
22.1233
22.0735
20.4123
20.4751
20.4918
20.5054
20.5201
21.2298
21.1713
21.1952
21.1721
21.2017
21.3339
21.3422
21.3269
21.3344
21.3627
22.2385
22.2986
22.2907
22.2112
22.2994
22.4198
17.264
17.2614
17.2606
17.195
17.1957
17.1972
17.1868
17.1915
17.1886
17.1899
21.1564
21.063
21.0953
21.1409
21.083
21.1187
21.8848
21.8984
21.8799
21.9003
21.8557
21.9044
15.4645
15.456
15.456
15.4663
18.8346
18.8362
18.8661
23.4342
23.3348
19.5146
19.4953
19.5096
22.4709
22.4522
21.6361
18.2168
18.2099
18.2211
23.2774
23.3107
23.6599
23.9862
23.2376
23.0385
23.3963
20.5533
20.5402
20.5531
22.8951
22.7849
21.7787
21.7798
20.5351
20.5417
20.5492
20.5515
16.7553
16.7516
16.757
16.76
19.9721
19.9584
19.961
19.9653
18.8799
18.8813
18.8782
18.8809
21.4254
21.3854
21.465
21.415
21.4337
21.447
21.423
21.4466
23.3614
23.1165
23.3232
23.2989
23.0798
23.0675
21.5742
21.5333
21.5374
21.5654
21.7035
21.6235
21.7101
21.6544
22.77
22.9898
22.9082
22.8692
21.7307
21.6937
21.7024
21.7178
23.0529
22.7784
22.7563
22.8831
22.965
22.9183
21.4732
22.9542
23.1989
23.0291
22.9193
22.4961
22.5671
21.4114
21.3857
21.3983
21.4046
23.4262
23.6254
23.7247
22.1094
22.1014
22.0837
22.0778
23.2333
23.3466
23.1202
22.9547
23.3286
23.6505
22.1423
22.129
22.1425
22.1624
21.9481
21.9195
21.9475
21.8823
20.0496
20.0352
20.052
20.0902
22.6636
22.5546
22.6226
22.5843
20.6366
20.6562
20.6237
19.5571
19.556
19.5593
21.6849
21.6742
21.6418
22.6358
22.758
22.8041
18.7668
18.7659
18.7748
22.4505
22.4733
14.3763
21.8633
21.8926
23.0787
22.8419
23.0231
20.6243
20.6
14.1684
17.0361
17.0418
15.2788
15.2877
15.2816
15.2805
22.8623
22.9958
23.0895
23.097
16.0157
16.0189
16.0195
22.8585
22.9129
19.9665
20.0024
22.6677
22.681
22.74
19.4701
19.4777
19.4787
22.7881
22.8259
22.7513
21.3599
21.3088
21.2973
23.3614
23.5983
23.6332
23.3761
21.5056
21.4979
21.5251
20.6458
20.6245
20.6302
17.6239
17.6195
17.621
17.6926
17.6935
17.6962
21.9318
21.854
21.8734
21.175
21.1886
21.164
19.7247
19.7031
19.7184
20.6204
20.6073
20.6236
22.4628
22.415
22.4255
23.3706
23.5818
23.496
23.6208
24.0228
23.2662
23.3039
23.224
23.3136
23.0933
23.2286
23.2285
23.1636
23.3219
23.7752
23.0525
22.9776
23.1899
22.5185
22.6202
22.586
22.5882
21.8429
21.8536
21.8006
21.843
19.6604
19.6431
19.6368
14.752
14.7543
23.1623
22.9517
23.2346
23.1717
21.9456
21.9377
22.5982
22.0037
21.9673
21.9822
22.7754
22.7416
22.7247
22.5733
22.5952
22.5653
17.3908
17.3921
17.3908
21.2632
21.2194
21.2393
20.5409
20.5844
20.5685
23.3376
23.5211
23.4293
23.4883
22.8284
22.7674
22.8
22.7114
22.9871
23.1088
23.0415
23.0117
23.3647
23.3213
23.5372
23.5683
17.1963
17.1983
17.2011
22.7003
22.4976
22.5612
22.5982
22.8669
23.0794
22.9412
22.9944
23.2812
23.4705
23.6498
23.613
23.1554
23.3122
23.59
23.7331
22.9249
23.0393
23.1319
23.0463
23.0484
21.444
21.4886
21.4419
21.498
23.2141
23.44
23.3683
23.3401
23.3508
23.3316
18.8738
18.8928
18.889
18.8939
22.3623
22.399
22.4469
22.45
23.1418
23.2544
23.1606
23.1167
23.1196
23.3309
23.2556
23.214
22.869
19.3694
19.3775
23.4783
23.9869
22.7325
23.2199
23.2043
23.0013
23.1317
23.0785
23.4077
22.8051
22.948
17.1734
17.1751
17.1736
23.3337
23.5053
23.371
23.859
21.1241
21.1853
21.1559
22.9034
22.9818
22.9453
22.9401
22.6727
22.71
22.7201
22.799
22.5659
22.493
22.4017
21.4832
21.478
23.0964
22.9363
15.8324
15.8383
15.8341
15.8333
22.3507
22.4313
22.4332
18.3358
18.3412
18.3331
22.6681
22.7592
21.8958
21.912
21.8974
21.8826
18.4456
18.4545
18.4445
22.7979
23.0916
22.9048
23.2555
23.3412
23.3041
23.2954
22.7182
22.6941
22.7676
22.662
23.2748
23.3017
23.3455
23.387
23.2268
23.2011
17.6057
17.6058
17.6061
17.623
17.5268
20.975
20.9599
20.9106
20.9656
20.9308
16.3792
16.3762
16.373
16.3786
20.1572
20.1466
19.692
19.702
19.6753
19.6815
22.8331
19.2381
19.232
19.2282
19.249
19.2396
23.4476
23.4947
23.3943
20.2732
20.2301
20.2593
23.3019
23.413
23.3405
23.4097
21.8973
21.8291
21.7898
21.0623
21.0368
21.0245
20.1443
20.1637
20.1407
20.155
23.3221
23.183
22.993
20.1945
20.2011
20.2173
20.1979
20.1949
20.1879
15.3931
15.3975
15.3957
15.3964
15.3986
21.0056
21.031
21.028
21.0213
21.0398
21.0249
23.1797
23.3398
23.2503
23.2905
23.1638
23.2151
21.632
21.4831
21.4244
21.4201
16.7938
16.7893
16.7916
16.7967
21.5116
21.5637
21.5541
23.0164
20.6
20.5559
20.5818
21.9688
21.9604
21.9065
18.4874
18.4644
18.4639
20.3999
20.4193
20.4443
19.2715
19.2702
19.2802
22.7869
22.996
22.756
22.9885
23.0047
22.8966
21.384
21.3807
21.3716
22.093
22.0459
23.3315
23.3908
23.3732
21.5889
21.5526
21.5736
20.8854
20.8703
20.8744
21.7993
21.8048
21.6918
22.3255
22.2053
22.2512
22.2576
22.3302
22.2759
23.3942
23.2744
23.3866
23.3292
21.4548
21.43
21.4399
21.4532
21.4518
21.4488
14.2933
21.6359
21.624
21.6099
22.205
22.1582
22.1049
22.6239
22.7205
22.6819
22.7287
23.4221
22.6223
22.8355
22.7408
15.6607
15.699
16.6623
16.6733
21.915
21.7919
21.7637
15.7193
15.714
18.2841
18.2572
18.2285
23.5957
16.0583
16.0304
16.025
18.854
18.8446
18.8569
23.2747
23.5202
21.5068
21.5106
23.6121
23.4337
23.5865
23.6648
23.9089
23.6522
23.8438
22.8817
22.7038
22.8358
23.4993
23.2582
23.5835
23.4034
23.2395
23.2798
23.3205
23.7717
23.7054
24.0802
18.525
22.2408
22.0807
22.1531
22.1633
23.3855
23.7753
23.8552
23.6945
23.6803
23.6189
23.7554
23.2367
23.3994
23.4001
23.3746
23.4683
23.6028
23.652
23.7006
22.6208
22.6826
22.7295
22.6718
21.8973
21.7963
21.8782
23.5523
23.8681
23.9576
21.5354
21.5029
21.4945
21.52
23.6848
23.6233
23.5585
23.6958
15.0893
15.0804
23.7288
24.0292
23.4047
23.6969
23.5511
23.3573
23.6202
23.8101
22.7931
22.8212
22.8387
22.765
21.7276
21.7607
21.7685
21.7466
23.5777
23.549
23.2843
23.4975
23.4259
23.7139
23.4262
23.7705
23.7218
23.696
23.7044
21.0335
21.0762
21.0539
23.5282
23.7765
23.7191
23.5097
23.6827
22.4919
22.4083
23.6596
24.0126
23.5656
23.2548
23.2971
23.4092
23.6482
23.5405
23.6305
23.6359
23.8012
23.2537
23.3119
23.1993
23.2215
23.2834
23.24
23.1547
23.5688
23.5877
23.7055
22.7191
22.8824
22.7304
20.6709
20.6326
20.6506
16.5022
16.4914
16.5263
16.5251
23.7852
23.5627
23.73
23.6
23.6073
23.4864
23.5824
23.8338
23.7439
23.4409
23.6088
23.6638
23.6568
23.7072
23.9498
23.8868
23.7071
23.715
23.6982
23.8488
23.2483
23.1399
23.2398
23.1669
15.3342
15.3524
15.3366
23.6916
24.0204
24.0647
23.4938
21.8583
21.836
21.7971
21.7873
21.8396
23.7513
22.0046
22.2296
22.065
22.0998
23.3066
23.2623
23.3155
22.9326
23.059
23.1346
23.8019
24.1547
23.3375
23.4327
23.5889
21.4562
21.5136
21.498
21.5018
21.5019
21.4761
23.6477
23.7991
23.5497
23.6125
23.7418
24.0627
23.9147
23.7315
24.0887
23.7327
23.306
23.2091
23.2961
23.2394
23.532
23.5836
23.6511
23.7462
23.6469
23.5122
23.6947
23.6794
23.8068
23.6885
24.0249
21.7668
21.7926
21.8086
21.8157
23.713
23.6577
