0.0239273
0.00572028
0.00314597
0.145267
0.0199294
0.00634402
0.0846286
0.0406719
0.0188981
0.016804
0.0111421
0.0132205
0.000781693
0.00649849
0.00667157
0.00187208
0.00192377
0.00449055
0.00464933
0.00287132
0.00295949
0.0368559
0.0274965
0.0672331
0.103842
0.142178
0.00594927
0.00582018
0.00563907
0.00549975
0.0237442
0.0231977
0.0156252
0.0153013
0.0858723
0.11273
0.00231569
0.00469394
0.00452178
0.000560149
0.0298952
0.0888141
0.0957933
0.16028
0.141104
0.0214816
0.0319693
0.0339222
0.0779013
0.0546821
0.0409523
0.0437527
0.000690031
0.11656
0.0716708
0.0634971
0.033397
0.0365803
0.0443099
0.115306
0.0568765
0.121539
0.00386005
0.00132368
0.0686494
0.0103994
0.0381116
0.094863
0.0312466
0.0115359
0.0246815
0.00581205
0.0149697
0.0278607
0.00933319
0.0132115
0.00787915
0.0186764
0.0243806
0.00116606
0.00112499
0.0119066
0.00561895
0.0124746
0.0339548
0.0216631
0.0529811
0.0910904
0.0315835
0.130153
0.128328
0.127295
0.108294
0.136321
0.0338965
0.0248714
0.0211261
0.0781213
0.128118
0.116189
0.0418616
0.0258492
0.0513195
0.099042
0.0716444
0.0468624
0.0978114
0.06956
0.0115702
0.0325752
0.0606427
0.0572604
0.174322
0.018538
0.137683
0.00655305
0.115627
0.0238162
0.129298
0.0408041
0.0248213
0.0147191
0.0325986
0.11179
0.00100095
0.00129017
0.143904
0.0397657
0.0359335
0.0868439
0.132931
0.113829
0.134369
0.077687
0.152845
0.0176247
0.0935739
0.0344092
0.0760901
0.064797
0.00347014
0.123005
0.107095
0.0682803
0.00551103
0.0694132
0.0880755
0.0610903
0.0485584
0.0788193
0.169105
0.00464271
0.0228261
0.126322
0.126105
0.167173
0.158064
0.00756593
0.037595
0.0162225
0.00471035
0.0293386
0.142066
0.07549
0.0190069
0.162832
0.145771
0.12688
0.0680362
0.0374181
0.0303676
0.102943
0.0209935
0.173436
0.0174435
0.0123661
0.00304459
0.0827422
0.0504099
0.00498078
0.0095648
0.0877747
0.119416
0.117991
0.0232775
0.0781098
0.08956
0.158102
0.0110685
0.0273196
0.12731
0.104972
0.00188679
0.0929899
0.041269
0.0991514
0.133814
0.0908683
0.0911664
0.0807963
0.117041
0.0652855
0.0861135
0.0562831
0.076284
0.00205615
0.00502921
0.0291512
0.00402583
0.101698
0.0579958
0.137158
0.00200018
0.000609488
0.066827
0.00174323
0.0232472
0.0102645
0.0309589
0.00989357
0.0118548
0.0014516
0.0329621
0.00320492
0.00412595
0.00190971
0.131533
0.106522
0.0452314
0.0455636
0.0283978
0.00661347
0.0123333
0.0146364
0.0244545
0.171101
0.101438
0.00198566
0.114532
0.0354007
0.0267493
0.124875
0.00549147
0.0931083
0.0324781
0.00463645
0.045791
0.00122051
0.111688
0.0195094
0.0124567
0.0160283
0.0289829
0.0190472
0.00216287
0.0222452
0.0186945
0.0258106
0.00171674
0.00970252
0.0294208
0.0258374
0.0740329
0.125864
0.125492
0.0960684
0.109691
0.0136557
0.026205
0.00792631
0.0488945
0.140845
0.039402
0.0108834
0.131706
0.0158601
0.00736528
0.124785
0.00665612
0.0782947
0.112063
0.0889202
0.111544
0.0983807
0.126319
0.0682807
0.13535
0.0784413
0.000678424
0.0536138
0.00601176
0.0118667
0.0751434
0.0152325
0.0585814
0.0630326
0.0542925
0.119379
0.0189238
0.0828442
0.118582
0.093578
0.00195346
0.0301551
0.0371898
0.159446
0.134273
0.00125623
0.00416866
0.169495
0.142095
0.146894
0.180415
0.186021
0.124634
0.0490083
0.125567
0.0058681
0.126248
0.126498
0.162418
0.00457654
0.120835
0.0418708
0.117981
0.15223
0.0230429
0.138321
0.0533436
0.144839
0.15714
0.0124823
0.00531269
0.0269254
0.00181363
0.0627436
0.0485748
0.0432278
0.00921049
0.0361459
0.0315571
0.0155286
0.0147247
0.0196979
0.0397191
0.00430266
0.00368825
0.117938
0.172848
0.0388235
0.00182869
0.0405163
0.00483002
0.0077644
0.0135258
0.0192895
0.00671692
0.0391474
0.0631569
0.0377729
0.121134
0.0456397
0.0661129
0.159125
0.00086534
0.00670168
0.072516
0.0268208
0.004289
0.0317333
0.00672244
0.00107244
0.0279838
0.093071
0.0875952
0.064514
0.0378121
0.0321042
0.166196
0.0146266
0.00169938
0.165591
0.155333
0.00297656
0.109548
0.0190046
0.0638976
0.00185458
0.00143697
0.00297839
0.00292802
0.0101234
0.0291968
0.0297715
0.0135898
0.143237
0.0397839
0.130673
0.00929992
0.0257091
0.00672183
0.0494921
0.135477
0.0318582
0.0372001
0.0240648
0.0638667
0.024894
0.115548
0.140035
0.00542425
0.0135722
0.00445967
0.00147102
0.0125237
0.00981422
0.151317
0.00087628
0.00799408
0.00193634
0.0186992
0.00393
0.014438
0.0101509
0.0114079
0.00772949
0.00760238
0.00110996
0.0157624
0.0266515
0.169441
0.149317
0.0833143
0.039088
0.0151859
0.064625
0.112945
0.0504128
0.00720067
0.00657651
0.00600345
0.161423
0.0800954
0.118814
0.0862695
0.000817686
0.0700754
0.0381139
0.0881705
0.0102239
0.0306249
0.000736277
0.0277324
0.076725
0.0185655
0.0136426
0.0392513
0.108213
0.0830068
0.0635298
0.0406596
0.0551902
0.0210783
0.0492722
0.0324243
0.0934583
0.0568604
0.0253366
0.0655433
0.0264441
0.159027
0.124361
0.0562596
0.00183089
0.0250769
0.00528612
0.000546874
0.149631
0.0503375
0.0305823
0.054585
0.0481543
0.0184792
0.00819594
0.0519204
0.127998
0.0411876
0.051287
0.0922237
0.0844522
0.0437293
0.150455
0.0925232
0.0577809
0.0930056
0.109465
0.160275
0.12626
0.115857
0.104095
0.119618
0.153502
0.0442124
0.0453779
0.0701567
0.0293453
0.0415253
0.155466
0.131258
0.0994744
0.071018
0.0589607
0.161228
0.124556
0.138259
0.0448125
0.120186
0.0228136
0.162396
0.0271415
0.15143
0.0358461
0.0781715
0.0274301
0.0100472
0.038151
0.100522
0.119056
0.100511
0.0892641
0.0918865
0.0283778
0.0875988
0.118978
0.0218687
0.151534
0.10803
0.124157
0.117771
0.110426
0.0326532
0.114801
0.175496
0.165716
0.153626
0.153403
0.138459
0.163441
0.12181
0.0634262
0.0251741
0.0842035
0.0307094
0.0947675
0.00530887
0.0247245
0.0119986
0.018211
0.0144084
0.00194314
0.124213
0.0044747
0.0100967
0.0014044
0.0133019
0.121795
0.132755
0.110765
0.136702
0.0804372
0.137086
0.00268736
0.0157547
0.00446863
0.00124606
0.0261927
0.0947645
0.0938869
0.0935638
0.0257632
0.0085916
0.0710778
0.0152735
0.0957324
0.0442184
0.0223665
0.0251401
0.00401726
0.111965
0.0137744
0.0394553
0.0957143
0.00488566
0.0266125
0.06263
0.0273263
0.0215163
0.119655
0.058262
0.0714988
0.0401288
0.0449986
0.0877095
0.131734
0.0541133
0.118911
0.144953
0.0694974
0.085874
0.0227216
0.0745865
0.0873958
0.0252849
0.0562298
0.0153043
0.118078
0.149158
0.138241
0.0858476
0.052107
0.000666525
0.030989
0.0858656
0.0541684
0.0410144
0.105686
0.0720491
0.142139
0.0921429
0.0872541
0.00926823
0.00254402
0.117489
0.0912966
0.0418925
0.0240157
0.135262
0.120364
0.00383521
0.0563962
0.0421761
0.000600378
0.0254834
0.00122569
0.0636327
0.134066
0.0102306
0.0701203
0.0454909
0.00224528
0.0909138
0.00265387
0.00865869
0.0245775
0.00129442
0.151625
0.0422468
0.00790625
0.00247401
0.135822
0.153047
0.0237336
0.0276146
0.0883472
0.0588314
0.0929278
0.0685733
0.0695217
0.0712512
0.11863
0.174808
0.186252
0.15319
0.146873
0.156908
0.14604
0.0478484
0.048635
0.0485349
0.040465
0.0356594
0.0993483
0.0167406
0.00949287
0.0449805
0.000916033
0.0657533
0.0852447
0.00451609
0.00739828
0.0695058
0.03743
0.149939
0.0667067
0.00603196
0.0428453
0.0633902
0.121482
0.124332
0.119719
0.170086
0.130021
0.16314
0.0981157
0.00446311
0.145178
0.0933248
0.0776503
0.140718
