0.000486288
0.0316086
0.0252973
0.0263365
0.0261153
0.0239273
0.0212714
0.00696889
0.00606132
0.00608691
0.00617667
0.00572028
0.00546256
0.00327561
0.00336295
0.00339523
0.00314597
0.00312079
0.119313
0.132601
0.147266
0.145267
0.137078
0.0252441
0.021534
0.0222003
0.0220082
0.0199294
0.0183387
0.00759097
0.00674603
0.00679882
0.00701732
0.00634402
0.00608386
0.115618
0.0907021
0.0892105
0.0922115
0.0846286
0.085986
0.0484915
0.0441649
0.0450589
0.0469615
0.0406719
0.0330851
0.0145551
0.0145657
0.014799
0.0123413
0.0243302
0.0207709
0.0212879
0.0213041
0.0188981
0.0179344
0.0230832
0.0210792
0.017479
0.0177816
0.018586
0.0189331
0.016804
0.0157127
0.015768
0.0138578
0.0121406
0.0121895
0.0123444
0.0126728
0.0111421
0.0107465
0.111184
0.105191
0.132853
0.0188159
0.016507
0.0145213
0.0146664
0.0156063
0.0132205
0.0129491
0.000474178
0.000858017
0.000849799
0.000801194
0.000827453
0.000834616
0.00083171
0.000781693
0.000817186
0.00759874
0.00707506
0.00679199
0.00649849
0.00694973
0.00667157
0.00612235
0.00194269
0.00193242
0.00187208
0.00193242
0.00192377
0.00184414
0.00478495
0.00469258
0.00449055
0.00476164
0.00464933
0.00431789
0.00300476
0.00297316
0.00287132
0.00298821
0.00295949
0.0027897
0.0435291
0.0365977
0.0388583
0.0383106
0.0368559
0.0307956
0.039792
0.0322883
0.03541
0.0310148
0.0289228
0.0300234
0.0303584
0.0274965
0.0254864
0.00055759
0.0741706
0.0911868
0.0741498
0.0692879
0.0710402
0.0746343
0.0672331
0.0624507
0.000422605
0.0126015
0.00992474
0.129589
0.117526
0.140306
0.127406
0.103842
0.129067
0.0374747
0.0424015
0.0419824
0.0351152
0.128735
0.15654
0.142178
0.140732
0.144809
0.000520061
0.00665045
0.0063145
0.00608663
0.00594927
0.00623649
0.00582018
0.00544361
0.00626158
0.00589157
0.0057465
0.00563907
0.00584245
0.00549975
0.00517015
0.0289185
0.026129
0.0243179
0.0237442
0.025596
0.0231977
0.0205393
0.0191874
0.0166997
0.0155868
0.0156252
0.0165273
0.0153013
0.014347
0.0946385
0.0949458
0.0993788
0.091208
0.0858723
0.0830691
0.113081
0.122787
0.11273
0.198622
0.0024018
0.00240825
0.00241925
0.00231569
0.00227573
0.00516445
0.00488623
0.00473478
0.00469394
0.00480148
0.00452178
0.00431703
0.111392
0.113373
0.0848598
0.118462
0.0891688
0.000541198
0.000560149
0.000594907
0.000550916
0.0320722
0.0316781
0.0324771
0.0298952
0.0259146
0.097909
0.112455
0.0836213
0.0945962
0.0888141
0.0957933
0.074379
0.136708
0.156432
0.16028
0.146305
0.141104
0.108977
0.0129928
0.0131146
0.0133546
0.0109326
0.0193462
0.0189731
0.0195459
0.0158044
0.0213462
0.0217615
0.0224628
0.0214816
0.0180536
0.0330598
0.0323644
0.0301785
0.0313401
0.0319693
0.0249582
0.0324648
0.0319594
0.0336924
0.0339222
0.0278223
0.0868959
0.0721622
0.0693573
0.0783664
0.0751264
0.0779013
0.0510954
0.0481898
0.0504631
0.0546821
0.0407311
0.0427972
0.0381362
0.0409973
0.0409523
0.030264
0.05584
0.0444712
0.0418799
0.040025
0.0419356
0.0437527
0.0320888
0.000658605
0.000663574
0.000662214
0.000690031
0.201562
0.0883162
0.107031
0.12401
0.102254
0.11656
0.0747962
0.0817338
0.0628727
0.0635588
0.064533
0.0763769
0.0716708
0.0476902
0.0876602
0.0611008
0.0608613
0.0659437
0.0723303
0.0634971
0.0503956
0.0357392
0.0358928
0.0373377
0.0347651
0.033397
0.0291627
0.0496181
0.0380415
0.0356786
0.0370915
0.0365803
0.029727
0.0553136
0.0456955
0.0450518
0.0464109
0.0443099
0.0357829
0.12173
0.108143
0.0880123
0.110986
0.090137
0.095131
0.115306
0.082621
0.0703676
0.0573899
0.0608658
0.0534672
0.0584932
0.0568765
0.0433504
0.112552
0.135464
0.100226
0.129931
0.134213
0.121539
0.103013
0.00373343
0.00377432
0.00379501
0.00386005
0.00348414
0.00126178
0.00128389
0.00128472
0.00132368
0.00124258
0.0678072
0.0684523
0.0625807
0.0618038
0.0686494
0.0572301
0.0126163
0.0102348
0.0105592
0.0103994
0.00899745
0.0490983
0.0372961
0.0380705
0.037994
0.0381116
0.0304058
0.124865
0.0917935
0.0812446
0.0758621
0.0756124
0.0986803
0.094863
0.0670903
0.0320388
0.0307439
0.0300057
0.0313832
0.0312466
0.0246418
0.0140027
0.0114265
0.0116438
0.0115359
0.0100035
0.0301472
0.0244194
0.024364
0.0241726
0.0246815
0.054182
0.0445521
0.0481073
0.0373697
0.0445315
0.0337308
0.0243289
0.0202996
0.0192103
0.018041
0.0190016
0.0157522
0.00195231
0.00186108
0.00181575
0.00182016
0.00174137
0.0405365
0.0352488
0.0319493
0.0302909
0.0321998
0.0265877
0.0140177
0.0131825
0.0130373
0.0132672
0.0111407
0.00663775
0.00626781
0.00623857
0.00636374
0.00558501
0.0113328
0.010656
0.0104436
0.0108771
0.0092468
0.0253842
0.0219834
0.0227966
0.0196204
0.0201741
0.0162547
0.0251592
0.0217864
0.022392
0.0201345
0.0203528
0.0160873
0.0337196
0.0280762
0.0294115
0.0259841
0.0259693
0.0211614
0.0568821
0.0501923
0.0462772
0.0447036
0.0437458
0.0332739
0.0032443
0.00304632
0.00316694
0.0029799
0.00299867
0.00278309
0.0475304
0.0467905
0.043651
0.0313636
0.000486501
0.000474363
0.000483911
0.109436
0.0916678
0.075992
0.160846
0.139726
0.16672
0.105304
0.13677
0.13953
0.144376
0.149685
0.142527
0.000549272
0.0842573
0.0735357
0.0599418
0.069121
0.05244
0.00636927
0.00572081
0.00554082
0.00545133
0.00550205
0.00581205
0.00490212
0.0183238
0.0155166
0.0146965
0.014533
0.0148166
0.0149697
0.0125629
0.0344328
0.0294424
0.0274475
0.0270796
0.0277105
0.0278607
0.0227426
0.0206249
0.0164419
0.0170279
0.0137471
0.0226652
0.0181901
0.0178291
0.0174951
0.0177192
0.0143625
0.0111025
0.00969943
0.00914431
0.00938652
0.00933319
0.00798957
0.0157887
0.0132562
0.0127415
0.0128585
0.0132115
0.0109946
0.00910631
0.00826149
0.00781744
0.00776826
0.00802409
0.00787915
0.00707925
0.0127103
0.0108045
0.0103342
0.0101526
0.0103456
0.00876595
0.0248047
0.0200464
0.018791
0.0187893
0.0189612
0.0186764
0.0157656
0.0307527
0.0255331
0.0244244
0.0243623
0.0251731
0.0243806
0.0196876
0.00115369
0.00116647
0.00116403
0.00116606
0.0011309
0.00118292
0.0011465
0.00117717
0.00112677
0.00109521
0.00111134
0.00110809
0.00112499
0.00107853
0.0169108
0.0140605
0.016076
0.0132499
0.0130292
0.0133498
0.0135652
0.0113793
0.0150803
0.0142833
0.0120032
0.0120467
0.0122723
0.0119066
0.0103598
0.000557306
0.000561476
0.00183403
0.00169255
0.0016919
0.00161619
0.10534
0.12213
0.11022
0.0848243
0.00419027
0.00364454
0.0036727
0.00335418
0.16427
0.0288488
0.0280833
0.0265015
0.0273133
0.0214337
0.035449
0.0345685
0.036314
0.029026
0.0312998
0.0244779
0.0230009
0.0241802
0.0187669
0.00185612
0.00170467
0.00170942
0.00163887
0.14727
0.142074
0.00541471
0.00462134
0.00468263
0.00420842
0.0581121
0.0568033
0.0606412
0.0462035
0.0256693
0.025768
0.0258087
0.020142
0.00570757
0.00494248
0.0051843
0.00481551
0.00490738
0.00436913
0.000957556
0.000900745
0.000953795
0.000912128
0.000908775
0.000891207
0.00721563
0.00619569
0.00646431
0.00602564
0.00614777
0.00537131
0.00374851
0.00330447
0.00348706
0.00328549
0.00332203
0.00304149
0.0107512
0.00902419
0.00927969
0.00859506
0.00887083
0.00751952
0.010948
0.00948085
0.00977489
0.00895138
0.00916943
0.00779895
0.0460803
0.0427608
0.0371209
0.0339328
0.0372433
0.0282243
0.0493125
0.0463591
0.0472305
0.0374971
0.0135534
0.0113354
0.0114944
0.010854
0.010956
0.0092824
0.0269864
0.0234059
0.0216015
0.0203372
0.0213737
0.0173536
0.0227135
0.0179816
0.0183598
0.0147163
0.0402019
0.0390542
0.0388281
0.0304906
0.053537
0.0400663
0.0435613
0.0368676
0.0396134
0.0310443
0.0528889
0.0405794
0.0400858
0.041711
0.0324386
0.0421893
0.0394998
0.0343619
0.0331343
0.0356507
0.0277889
0.0683009
0.0611825
0.0688479
0.0523159
0.026799
0.0226789
0.0215477
0.0201604
0.020059
0.0168621
0.154072
0.0279776
0.023109
0.0239941
0.0214322
0.0225508
0.0182509
0.0592802
0.0523891
0.0572201
0.0425701
0.0654044
0.0585175
0.058101
0.0457773
0.0326902
0.0278666
0.0275462
0.0252823
0.0270109
0.0208115
0.0211981
0.0214865
0.0198614
0.0201059
0.0167203
0.0033548
0.00351269
0.00330899
0.00331832
0.00310817
0.0248721
0.0258296
0.024169
0.0253071
0.0201679
0.00697048
0.00716491
0.00679804
0.00694662
0.00607335
0.00460652
0.00474477
0.00451426
0.00458934
0.00411147
0.010893
0.0111944
0.0105507
0.0108761
0.00907533
0.00271348
0.0025937
0.00248933
0.00251269
0.00233999
0.0190748
0.0185655
0.0192011
0.0158327
0.0128888
0.0125069
0.0128724
0.0105018
0.0638406
0.00886526
0.00851192
0.00856735
0.00731525
0.00104896
0.00102952
0.00102636
0.00100035
0.096638
0.0818437
0.0803442
0.0876317
0.0784866
0.057915
0.000610791
0.00062653
0.0246685
0.0236581
0.0236713
0.0188077
0.0319509
0.0284199
0.0271468
0.0274433
0.0208381
0.00274218
0.00274057
0.00275023
0.00255278
0.0375478
0.03171
0.030145
0.0309997
0.0244873
0.013742
0.0119711
0.0111751
0.0114832
0.00951409
0.0190358
0.0158463
0.0148984
0.0153735
0.0126673
0.0123046
0.0107745
0.0102483
0.00862189
0.00141317
0.00140547
0.00134569
0.0013404
0.00129632
0.00176749
0.00173571
0.00165893
0.00166509
0.00158772
0.0152929
0.0133635
0.0121154
0.0126458
0.0104581
0.00891938
0.00773149
0.00740829
0.00749146
0.00648301
0.00279838
0.0029483
0.00283742
0.00284111
0.00264388
0.00659952
0.0060262
0.00568071
0.00571089
0.00506824
0.147859
0.152778
0.156791
0.151161
0.184962
0.0672664
0.0606072
0.0628008
0.052296
0.0563589
0.0435879
0.0903919
0.067647
0.0637281
0.0654932
0.0692364
0.048811
0.0983914
0.092188
0.0421121
0.0321444
0.0324472
0.0335972
0.0240953
0.0369162
0.0299134
0.0304395
0.0278098
0.0289232
0.0222692
0.023047
0.0185948
0.0196096
0.0172762
0.0185152
0.0147075
0.00369102
0.00337485
0.0033054
0.00335554
0.00306167
0.032749
0.0253008
0.0255065
0.0201943
0.0276011
0.0221038
0.0222251
0.0233338
0.0181668
0.0370641
0.0293233
0.0293288
0.0285474
0.0227717
0.00101183
0.000948663
0.00100254
0.000998784
0.000976416
0.0144063
0.012027
0.0122417
0.0123139
0.0100303
0.00490933
0.00521635
0.00500662
0.00512797
0.00451432
0.212265
0.0934027
0.0731192
0.0964517
0.0767964
0.0789886
0.0679265
0.151208
0.162588
0.117109
0.00112403
0.00118932
0.00119162
0.00118937
0.00115362
0.043574
0.0319687
0.0355569
0.032155
0.0322751
0.0257671
0.080874
0.0701363
0.0837743
0.0720673
0.0755268
0.0540709
0.140991
0.13463
0.146513
0.153642
0.0917504
0.0790033
0.0855008
0.0565814
0.0329286
0.0340229
0.0304928
0.0301584
0.0241881
0.0272743
0.0219325
0.0240596
0.0221772
0.0226914
0.0178279
0.0597572
0.0469611
0.0477773
0.0454751
0.0451743
0.0341224
0.10712
0.103184
0.0950821
0.0668507
0.00212702
0.00317263
0.0033172
0.00329958
0.00330881
0.00304888
0.0357398
0.0310216
0.0302527
0.0295456
0.0315509
0.0237125
0.0619972
0.053201
0.0529403
0.0539085
0.0544975
0.0403823
0.0440172
0.0366796
0.0381625
0.0365052
0.0358403
0.028672
0.0030239
0.0905705
0.0733014
0.0730372
0.00119942
0.00116621
0.00118087
0.00117877
0.00114543
0.0723236
0.0558631
0.0585477
0.0594134
0.0595527
0.0426526
0.00992363
0.00844253
0.00874227
0.00882929
0.00728057
0.0438368
0.0317722
0.0356887
0.0341232
0.0375498
0.027057
0.0325115
0.0269889
0.0278227
0.0270147
0.0209007
0.0623762
0.0457583
0.0493216
0.0325076
0.0600209
0.0606976
0.0607219
0.0471278
0.000572641
0.000367466
0.000572384
0.0247332
0.0216753
0.0195794
0.0204957
0.0160049
0.00159288
0.0015274
0.00154663
0.0015455
0.00148717
0.0403405
0.0402048
0.0383131
0.0307286
0.0625327
0.0510691
0.0502487
0.0483023
0.0514004
0.0390146
0.00145502
0.00144205
0.00143236
0.00143351
0.00138041
0.0973881
0.0923684
0.09464
0.0786589
0.0504617
0.0473164
0.0421151
0.0415162
0.0457183
0.0324603
0.0453456
0.0371028
0.0333285
0.0345889
0.0363601
0.0271545
0.0451723
0.0371914
0.0386758
0.0357349
0.0383978
0.0285439
0.088606
0.0903546
0.0986509
0.0651802
0.00186814
0.00183786
0.00186393
0.00186887
0.00187936
0.0018334
0.00173273
0.00879166
0.00799014
0.00795492
0.00777654
0.00762419
0.00769153
0.00667517
0.000771927
0.000777071
0.000774657
0.000773996
0.000770855
0.00465622
0.00470663
0.00458479
0.00464671
0.00416127
