19.70  0.016  0.52 11173700000001
19.73  0.022  0.52 11173700000001
19.72  0.015  0.80 11173700000001
19.73  0.020  0.49 11173700000001
17.44  0.003  0.52 11173700000002
17.46  0.003  0.52 11173700000002
17.45  0.003  0.80 11173700000002
17.45  0.003  0.49 11173700000002
17.67  0.003  0.52 11173700000004
17.68  0.004  0.52 11173700000004
17.67  0.003  0.80 11173700000004
20.87  0.045  0.52 11173700000006
20.78  0.056  0.52 11173700000006
20.82  0.038  0.80 11173700000006
20.91  0.062  0.52 11173700000011
20.93  0.057  0.49 11173700000011
18.21  0.005  0.52 11173700000012
18.21  0.006  0.52 11173700000012
18.21  0.004  0.80 11173700000012
22.45  0.178  0.80 11173700000013
21.54  0.083  0.52 11173700000015
21.67  0.082  0.86 11173700000015
21.65  0.125  0.52 11173700000015
21.48  0.093  0.49 11173700000015
20.49  0.028  0.86 11173700000016
21.09  0.055  0.52 11173700000017
20.93  0.041  0.86 11173700000017
21.19  0.083  0.52 11173700000017
20.97  0.059  0.49 11173700000017
22.14  0.146  0.52 11173700000018
22.19  0.145  0.80 11173700000018
19.44  0.013  0.52 11173700000019
19.44  0.011  0.86 11173700000019
19.41  0.016  0.52 11173700000019
19.44  0.013  0.67 11173700000019
19.42  0.011  0.80 11173700000019
19.44  0.015  0.49 11173700000019
18.35  0.005  0.52 11173700000021
18.35  0.005  0.86 11173700000021
18.34  0.007  0.52 11173700000021
18.35  0.006  0.67 11173700000021
18.34  0.005  0.80 11173700000021
18.35  0.006  0.49 11173700000021
20.44  0.031  0.52 11173700000023
20.42  0.026  0.86 11173700000023
20.42  0.040  0.52 11173700000023
20.48  0.032  0.67 11173700000023
20.44  0.027  0.80 11173700000023
20.41  0.036  0.49 11173700000023
15.67  0.001  0.52 11173700000025
15.67  0.001  0.86 11173700000025
15.67  0.001  0.52 11173700000025
15.68  0.001  0.67 11173700000025
15.68  0.001  0.80 11173700000025
15.68  0.001  0.49 11173700000025
19.14  0.010  0.52 11173700000028
19.13  0.012  0.51 11173700000028
19.13  0.013  0.52 11173700000028
19.14  0.009  0.80 11173700000028
19.09  0.011  0.49 11173700000028
17.11  0.002  0.52 11173700000030
17.11  0.003  0.51 11173700000030
17.11  0.003  0.52 11173700000030
17.11  0.002  0.80 11173700000030
17.45  0.003  0.52 11173700000032
17.45  0.003  0.51 11173700000032
17.44  0.004  0.52 11173700000032
17.45  0.003  0.80 11173700000032
17.94  0.004  0.52 11173700000034
17.95  0.005  0.51 11173700000034
17.94  0.005  0.52 11173700000034
17.94  0.004  0.80 11173700000034
21.39  0.072  0.52 11173700000036
21.34  0.096  0.52 11173700000036
21.49  0.069  0.80 11173700000036
21.46  0.093  0.49 11173700000036
19.64  0.015  0.52 11173700000037
19.62  0.014  0.86 11173700000037
19.65  0.021  0.52 11173700000037
19.66  0.016  0.67 11173700000037
19.63  0.016  0.64 11173700000037
19.62  0.013  0.80 11173700000037
19.65  0.018  0.49 11173700000037
14.85  0.001  0.52 11173700000038
14.86  0.001  0.49 11173700000038
22.03  0.130  0.52 11173700000040
21.98  0.110  0.86 11173700000040
22.29  0.162  0.67 11173700000040
22.14  0.129  0.80 11173700000040
17.78  0.003  0.86 11173700000045
21.94  0.124  0.52 11173700000049
21.90  0.101  0.80 11173700000049
22.04  0.182  0.52 11173700000053
22.46  0.179  0.80 11173700000053
18.61  0.006  0.52 11173700000057
18.60  0.008  0.51 11173700000057
18.60  0.008  0.52 11173700000057
18.60  0.006  0.80 11173700000057
17.75  0.003  0.52 11173700000058
17.75  0.004  0.51 11173700000058
17.75  0.004  0.52 11173700000058
17.76  0.003  0.80 11173700000058
17.75  0.004  0.49 11173700000058
19.84  0.018  0.52 11173700000059
19.86  0.023  0.51 11173700000059
19.85  0.024  0.52 11173700000059
19.90  0.017  0.80 11173700000059
18.17  0.005  0.52 11173700000060
18.15  0.006  0.51 11173700000060
18.15  0.006  0.52 11173700000060
18.14  0.004  0.80 11173700000060
18.15  0.005  0.49 11173700000060
22.24  0.144  0.80 11173700000062
17.12  0.002  0.52 11173700000066
17.12  0.003  0.52 11173700000066
17.13  0.002  0.80 11173700000066
17.13  0.002  0.49 11173700000066
18.75  0.007  0.52 11173700000067
18.73  0.009  0.52 11173700000067
18.75  0.008  0.49 11173700000067
22.26  0.158  0.52 11173700000072
22.26  0.159  0.67 11173700000072
22.00  0.134  0.64 11173700000072
22.12  0.125  0.80 11173700000072
14.84  0.001  0.52 11173700000073
14.94  0.001  0.52 11173700000074
14.94  0.001  0.49 11173700000074
20.94  0.047  0.52 11173700000075
20.93  0.064  0.52 11173700000075
20.81  0.038  0.80 11173700000075
20.85  0.054  0.49 11173700000075
22.32  0.155  0.80 11173700000077
19.55  0.013  0.80 11173700000082
19.37  0.011  0.80 11173700000083
20.85  0.059  0.52 11173700000084
20.76  0.036  0.80 11173700000084
21.39  0.069  0.52 11173700000087
21.53  0.123  0.52 11173700000087
21.35  0.070  0.64 11173700000087
21.45  0.068  0.80 11173700000087
21.54  0.118  0.52 11173700000090
21.28  0.063  0.52 11173700000092
21.31  0.096  0.52 11173700000092
21.40  0.065  0.80 11173700000092
22.25  0.159  0.67 11173700000093
22.19  0.152  0.64 11173700000093
21.40  0.070  0.52 11173700000095
21.30  0.096  0.52 11173700000095
21.45  0.068  0.80 11173700000095
21.21  0.059  0.52 11173700000096
21.30  0.099  0.52 11173700000096
21.24  0.056  0.80 11173700000096
21.26  0.094  0.52 11173700000097
21.07  0.053  0.67 11173700000097
21.17  0.052  0.80 11173700000097
15.38  0.001  0.52 11173700000100
15.39  0.001  0.52 11173700000100
15.38  0.001  0.80 11173700000100
22.38  0.173  0.52 11173700000101
21.43  0.073  0.52 11173700000104
21.37  0.063  0.86 11173700000104
21.28  0.091  0.52 11173700000104
21.30  0.067  0.67 11173700000104
21.40  0.073  0.64 11173700000104
22.35  0.160  0.86 11173700000106
21.97  0.119  0.52 11173700000107
21.80  0.095  0.86 11173700000107
21.70  0.135  0.52 11173700000107
21.89  0.111  0.52 11173700000108
21.75  0.091  0.86 11173700000108
21.96  0.176  0.52 11173700000108
22.04  0.119  0.80 11173700000108
21.51  0.078  0.52 11173700000110
21.68  0.136  0.52 11173700000110
21.56  0.083  0.67 11173700000110
21.44  0.075  0.64 11173700000110
22.39  0.171  0.80 11173700000111
22.03  0.126  0.52 11173700000112
22.11  0.128  0.86 11173700000112
22.06  0.134  0.67 11173700000112
22.04  0.130  0.64 11173700000112
21.91  0.113  0.52 11173700000114
22.52  0.184  0.86 11173700000114
22.10  0.137  0.67 11173700000114
21.98  0.129  0.64 11173700000114
22.33  0.151  0.80 11173700000114
22.04  0.127  0.52 11173700000116
22.23  0.141  0.86 11173700000116
22.11  0.142  0.64 11173700000116
22.21  0.141  0.80 11173700000116
22.28  0.158  0.52 11173700000117
22.29  0.167  0.64 11173700000117
17.64  0.003  0.52 11173700000120
17.62  0.004  0.52 11173700000120
17.63  0.003  0.64 11173700000120
15.61  0.001  0.52 11173700000121
15.60  0.001  0.52 11173700000121
15.61  0.001  0.64 11173700000121
18.48  0.006  0.52 11173700000123
18.47  0.008  0.52 11173700000123
18.48  0.006  0.67 11173700000123
21.44  0.074  0.52 11173700000124
21.28  0.103  0.52 11173700000124
21.52  0.080  0.67 11173700000124
21.37  0.063  0.80 11173700000124
21.99  0.123  0.67 11173700000125
22.27  0.145  0.86 11173700000126
21.39  0.071  0.52 11173700000128
21.47  0.068  0.86 11173700000128
21.33  0.097  0.52 11173700000128
21.30  0.059  0.80 11173700000128
20.00  0.020  0.52 11173700000132
19.98  0.028  0.52 11173700000132
20.01  0.021  0.67 11173700000132
21.14  0.057  0.67 11173700000133
21.04  0.053  0.64 11173700000133
21.08  0.049  0.80 11173700000133
21.47  0.076  0.52 11173700000138
21.81  0.107  0.67 11173700000138
21.65  0.097  0.64 11173700000138
21.55  0.076  0.80 11173700000138
20.95  0.047  0.52 11173700000140
20.97  0.049  0.67 11173700000140
21.03  0.053  0.64 11173700000140
20.84  0.039  0.80 11173700000140
17.32  0.002  0.52 11173700000144
17.33  0.003  0.67 11173700000144
17.32  0.003  0.64 11173700000144
20.93  0.046  0.52 11173700000148
20.87  0.045  0.67 11173700000148
20.92  0.048  0.64 11173700000148
20.94  0.043  0.80 11173700000148
20.01  0.020  0.52 11173700000150
20.02  0.021  0.64 11173700000150
19.99  0.019  0.80 11173700000150
18.57  0.006  0.52 11173700000151
18.57  0.006  0.64 11173700000151
18.57  0.006  0.80 11173700000151
18.14  0.004  0.52 11173700000152
18.15  0.005  0.64 11173700000152
18.14  0.004  0.80 11173700000152
20.09  0.022  0.52 11173700000156
20.08  0.022  0.67 11173700000156
20.11  0.023  0.64 11173700000156
20.10  0.022  0.80 11173700000156
22.11  0.136  0.52 11173700000157
22.11  0.128  0.86 11173700000157
21.97  0.120  0.67 11173700000157
22.08  0.141  0.64 11173700000157
22.14  0.129  0.80 11173700000157
20.42  0.029  0.52 11173700000159
20.30  0.027  0.67 11173700000159
20.38  0.029  0.64 11173700000159
20.35  0.027  0.80 11173700000159
20.43  0.030  0.52 11173700000161
20.41  0.030  0.67 11173700000161
20.41  0.030  0.64 11173700000161
20.41  0.028  0.80 11173700000161
20.35  0.028  0.52 11173700000162
20.37  0.029  0.67 11173700000162
20.42  0.030  0.64 11173700000162
20.39  0.028  0.80 11173700000162
17.04  0.002  0.67 11173700000164
17.04  0.002  0.64 11173700000164
17.05  0.002  0.80 11173700000164
21.18  0.058  0.52 11173700000165
22.30  0.169  0.67 11173700000180
22.18  0.146  0.52 11173700000181
19.10  0.009  0.52 11173700000183
19.07  0.013  0.52 11173700000183
19.09  0.010  0.67 11173700000183
19.08  0.010  0.64 11173700000183
19.11  0.009  0.80 11173700000183
20.10  0.022  0.52 11173700000187
20.09  0.031  0.52 11173700000187
20.07  0.022  0.67 11173700000187
20.12  0.023  0.64 11173700000187
20.11  0.021  0.80 11173700000187
20.05  0.021  0.52 11173700000188
20.01  0.021  0.67 11173700000188
20.03  0.021  0.64 11173700000188
20.02  0.019  0.80 11173700000188
20.78  0.041  0.52 11173700000189
20.81  0.043  0.67 11173700000189
18.68  0.007  0.52 11173700000192
18.69  0.007  0.67 11173700000192
18.70  0.007  0.64 11173700000192
18.69  0.006  0.80 11173700000192
19.96  0.020  0.52 11173700000195
19.97  0.028  0.52 11173700000195
19.99  0.020  0.67 11173700000195
19.97  0.020  0.64 11173700000195
20.84  0.061  0.52 11173700000196
19.91  0.019  0.52 11173700000197
19.89  0.026  0.52 11173700000197
19.92  0.019  0.67 11173700000197
19.91  0.019  0.64 11173700000197
18.27  0.005  0.52 11173700000198
18.27  0.007  0.52 11173700000198
18.28  0.005  0.67 11173700000198
18.27  0.005  0.64 11173700000198
19.64  0.015  0.52 11173700000200
19.67  0.016  0.67 11173700000200
19.66  0.016  0.64 11173700000200
19.67  0.014  0.80 11173700000200
20.81  0.042  0.52 11173700000201
20.94  0.066  0.52 11173700000201
20.96  0.047  0.67 11173700000201
20.88  0.046  0.64 11173700000201
20.83  0.038  0.80 11173700000201
20.77  0.040  0.52 11173700000203
20.81  0.059  0.52 11173700000203
20.81  0.042  0.67 11173700000203
20.74  0.040  0.64 11173700000203
20.78  0.037  0.80 11173700000203
16.26  0.001  0.52 11173700000205
16.25  0.002  0.52 11173700000205
16.25  0.001  0.80 11173700000205
16.25  0.001  0.52 11173700000207
16.25  0.001  0.86 11173700000207
16.25  0.002  0.52 11173700000207
16.25  0.001  0.67 11173700000207
16.25  0.001  0.64 11173700000207
16.25  0.001  0.80 11173700000207
16.25  0.001  0.49 11173700000207
20.32  0.027  0.52 11173700000208
20.35  0.026  0.86 11173700000208
20.31  0.027  0.67 11173700000208
20.39  0.029  0.64 11173700000208
20.33  0.025  0.80 11173700000208
20.27  0.032  0.49 11173700000208
18.64  0.007  0.52 11173700000209
18.64  0.009  0.52 11173700000209
18.64  0.007  0.67 11173700000209
18.63  0.007  0.64 11173700000209
18.63  0.006  0.80 11173700000209
18.64  0.008  0.49 11173700000209
14.92  0.001  0.52 11173700000212
14.93  0.001  0.67 11173700000212
16.05  0.001  0.52 11173700000214
16.06  0.001  0.67 11173700000214
16.06  0.001  0.64 11173700000214
22.08  0.133  0.52 11173700000215
22.07  0.122  0.80 11173700000215
18.35  0.005  0.52 11173700000216
18.36  0.005  0.67 11173700000216
18.36  0.005  0.64 11173700000216
21.36  0.069  0.52 11173700000219
21.53  0.073  0.80 11173700000219
21.17  0.058  0.52 11173700000220
16.99  0.002  0.52 11173700000221
17.00  0.002  0.67 11173700000221
16.99  0.002  0.64 11173700000221
22.09  0.134  0.52 11173700000224
21.94  0.107  0.80 11173700000224
22.36  0.173  0.67 11173700000226
17.93  0.004  0.52 11173700000227
17.94  0.004  0.67 11173700000227
17.94  0.004  0.64 11173700000227
21.37  0.070  0.52 11173700000229
21.32  0.061  0.80 11173700000229
18.31  0.005  0.52 11173700000230
18.31  0.005  0.67 11173700000230
18.31  0.005  0.64 11173700000230
18.31  0.005  0.80 11173700000230
16.00  0.001  0.52 11173700000231
15.99  0.001  0.67 11173700000231
15.99  0.001  0.64 11173700000231
15.99  0.001  0.80 11173700000231
19.33  0.011  0.52 11173700000232
19.35  0.012  0.67 11173700000232
19.31  0.012  0.64 11173700000232
19.32  0.011  0.80 11173700000232
18.46  0.006  0.52 11173700000233
18.47  0.006  0.67 11173700000233
18.46  0.006  0.64 11173700000233
18.47  0.005  0.80 11173700000233
18.83  0.008  0.52 11173700000234
18.84  0.008  0.67 11173700000234
18.82  0.008  0.64 11173700000234
18.82  0.007  0.80 11173700000234
19.06  0.009  0.52 11173700000235
19.05  0.009  0.67 11173700000235
19.07  0.009  0.64 11173700000235
19.07  0.009  0.80 11173700000235
20.00  0.020  0.52 11173700000237
20.00  0.021  0.67 11173700000237
19.97  0.021  0.64 11173700000237
19.96  0.018  0.80 11173700000237
21.45  0.075  0.52 11173700000238
21.61  0.079  0.80 11173700000238
19.65  0.015  0.52 11173700000239
19.70  0.016  0.67 11173700000239
19.69  0.016  0.64 11173700000239
19.67  0.014  0.80 11173700000239
20.97  0.048  0.52 11173700000240
20.95  0.048  0.67 11173700000240
21.05  0.054  0.64 11173700000240
21.00  0.045  0.80 11173700000240
20.71  0.038  0.52 11173700000242
20.65  0.037  0.67 11173700000242
20.58  0.035  0.64 11173700000242
20.65  0.033  0.80 11173700000242
21.48  0.077  0.52 11173700000243
21.46  0.068  0.80 11173700000243
21.44  0.074  0.52 11173700000244
21.35  0.069  0.67 11173700000244
21.30  0.066  0.64 11173700000244
21.28  0.059  0.80 11173700000244
21.12  0.056  0.52 11173700000247
21.10  0.055  0.67 11173700000247
21.16  0.059  0.64 11173700000247
21.03  0.046  0.80 11173700000247
21.10  0.054  0.52 11173700000250
21.07  0.053  0.67 11173700000250
21.05  0.055  0.64 11173700000250
21.10  0.050  0.80 11173700000250
20.84  0.043  0.52 11173700000255
20.82  0.042  0.67 11173700000255
20.88  0.045  0.64 11173700000255
20.76  0.037  0.80 11173700000255
21.88  0.110  0.52 11173700000256
21.81  0.101  0.80 11173700000256
21.07  0.053  0.52 11173700000259
21.15  0.057  0.67 11173700000259
21.13  0.057  0.64 11173700000259
21.12  0.050  0.80 11173700000259
20.73  0.039  0.52 11173700000260
20.67  0.037  0.67 11173700000260
20.64  0.036  0.64 11173700000260
20.68  0.034  0.80 11173700000260
16.53  0.001  0.52 11173700000261
16.53  0.002  0.64 11173700000261
16.52  0.002  0.80 11173700000261
20.60  0.034  0.52 11173700000262
20.63  0.036  0.64 11173700000262
20.61  0.032  0.80 11173700000262
19.23  0.010  0.52 11173700000264
19.21  0.011  0.64 11173700000264
19.21  0.010  0.80 11173700000264
18.86  0.008  0.52 11173700000265
18.86  0.008  0.64 11173700000265
18.85  0.007  0.80 11173700000265
19.07  0.009  0.52 11173700000266
19.06  0.009  0.64 11173700000266
19.10  0.009  0.80 11173700000266
17.76  0.003  0.52 11173700000268
17.77  0.003  0.67 11173700000268
17.76  0.003  0.80 11173700000268
19.61  0.014  0.52 11173700000269
19.62  0.014  0.80 11173700000269
22.23  0.176  0.80 11173700000270
22.07  0.132  0.52 11173700000275
22.10  0.142  0.64 11173700000275
22.23  0.152  0.80 11173700000275
19.43  0.013  0.52 11173700000277
19.40  0.012  0.64 11173700000277
19.63  0.015  0.52 11173700000280
16.06  0.001  0.52 11173700000282
14.96  0.001  0.52 11173700000290
19.45  0.013  0.52 11173700000291
19.43  0.012  0.80 11173700000291
20.58  0.035  0.52 11173700000295
20.57  0.034  0.67 11173700000295
20.56  0.031  0.80 11173700000295
17.28  0.002  0.52 11173700000297
17.28  0.003  0.67 11173700000297
17.29  0.003  0.64 11173700000297
20.81  0.042  0.52 11173700000299
20.83  0.044  0.67 11173700000299
20.83  0.040  0.80 11173700000299
19.95  0.019  0.52 11173700000300
19.91  0.020  0.67 11173700000300
19.93  0.018  0.80 11173700000300
20.42  0.029  0.52 11173700000303
20.39  0.030  0.67 11173700000303
20.37  0.026  0.80 11173700000303
20.08  0.022  0.52 11173700000306
20.04  0.022  0.67 11173700000306
20.04  0.020  0.80 11173700000306
16.60  0.002  0.52 11173700000309
16.61  0.002  0.67 11173700000309
16.60  0.002  0.80 11173700000309
17.19  0.002  0.52 11173700000311
17.19  0.002  0.67 11173700000311
17.19  0.002  0.80 11173700000311
19.06  0.009  0.52 11173700000312
19.05  0.010  0.67 11173700000312
19.04  0.009  0.80 11173700000312
18.03  0.004  0.52 11173700000313
18.02  0.004  0.67 11173700000313
18.04  0.004  0.80 11173700000313
17.30  0.002  0.52 11173700000314
17.29  0.003  0.64 11173700000314
17.30  0.002  0.80 11173700000314
18.68  0.007  0.52 11173700000315
18.67  0.007  0.67 11173700000315
18.67  0.007  0.80 11173700000315
21.45  0.074  0.52 11173700000319
21.57  0.086  0.67 11173700000319
21.39  0.071  0.64 11173700000319
21.59  0.079  0.80 11173700000319
22.14  0.142  0.52 11173700000320
22.10  0.136  0.80 11173700000320
20.54  0.033  0.52 11173700000322
20.49  0.032  0.67 11173700000322
20.51  0.032  0.64 11173700000322
20.95  0.047  0.52 11173700000323
20.96  0.049  0.67 11173700000323
20.95  0.048  0.64 11173700000323
20.93  0.044  0.80 11173700000323
20.52  0.033  0.67 11173700000324
20.52  0.033  0.64 11173700000324
20.51  0.030  0.80 11173700000324
17.99  0.004  0.52 11173700000327
18.00  0.004  0.67 11173700000327
18.00  0.004  0.64 11173700000327
21.03  0.053  0.52 11173700000332
20.93  0.048  0.67 11173700000332
20.75  0.041  0.52 11173700000334
20.79  0.042  0.67 11173700000334
20.78  0.040  0.64 11173700000334
20.85  0.045  0.52 11173700000336
20.93  0.048  0.67 11173700000336
20.83  0.042  0.64 11173700000336
15.68  0.001  0.52 11173700000338
15.68  0.001  0.67 11173700000338
15.68  0.001  0.64 11173700000338
19.94  0.020  0.52 11173700000341
19.94  0.020  0.67 11173700000341
19.92  0.019  0.64 11173700000341
18.02  0.004  0.52 11173700000343
18.02  0.004  0.64 11173700000343
18.02  0.004  0.80 11173700000343
21.16  0.059  0.52 11173700000345
21.21  0.061  0.67 11173700000345
21.12  0.056  0.64 11173700000345
21.22  0.060  0.80 11173700000345
22.25  0.161  0.52 11173700000347
22.33  0.170  0.64 11173700000347
16.34  0.001  0.52 11173700000349
16.35  0.001  0.64 11173700000349
16.34  0.001  0.80 11173700000349
21.25  0.065  0.52 11173700000351
21.13  0.057  0.67 11173700000351
21.14  0.057  0.64 11173700000351
21.23  0.059  0.80 11173700000351
22.15  0.145  0.64 11173700000352
22.15  0.146  0.80 11173700000352
20.00  0.021  0.52 11173700000357
19.98  0.020  0.64 11173700000357
19.95  0.019  0.80 11173700000357
21.03  0.052  0.52 11173700000358
21.05  0.052  0.67 11173700000358
21.02  0.052  0.64 11173700000358
21.08  0.052  0.80 11173700000358
20.83  0.044  0.52 11173700000359
20.84  0.043  0.67 11173700000359
20.81  0.043  0.64 11173700000359
20.83  0.041  0.80 11173700000359
18.29  0.005  0.52 11173700000363
18.30  0.005  0.67 11173700000363
18.30  0.005  0.64 11173700000363
18.32  0.005  0.80 11173700000363
21.05  0.054  0.52 11173700000364
21.02  0.051  0.67 11173700000364
20.97  0.048  0.64 11173700000364
21.04  0.049  0.80 11173700000364
21.50  0.082  0.52 11173700000366
21.55  0.083  0.67 11173700000366
21.54  0.082  0.64 11173700000366
21.52  0.079  0.80 11173700000366
20.89  0.046  0.52 11173700000367
20.92  0.047  0.67 11173700000367
20.89  0.046  0.64 11173700000367
20.85  0.041  0.80 11173700000367
17.56  0.003  0.67 11173700000373
21.57  0.086  0.67 11173700000374
21.58  0.085  0.64 11173700000374
21.77  0.104  0.80 11173700000374
21.69  0.094  0.52 11173700000377
21.91  0.104  0.80 11173700000377
21.99  0.123  0.52 11173700000378
21.88  0.115  0.67 11173700000378
22.05  0.129  0.52 11173700000380
22.14  0.145  0.67 11173700000380
16.43  0.001  0.52 11173700000381
16.43  0.001  0.64 11173700000381
20.98  0.051  0.52 11173700000382
20.97  0.049  0.67 11173700000382
20.95  0.048  0.64 11173700000382
20.94  0.045  0.80 11173700000382
19.11  0.010  0.52 11173700000384
19.11  0.010  0.67 11173700000384
19.11  0.010  0.64 11173700000384
20.93  0.049  0.52 11173700000385
20.98  0.050  0.67 11173700000385
20.99  0.049  0.64 11173700000385
20.91  0.043  0.80 11173700000385
20.86  0.045  0.52 11173700000387
20.77  0.041  0.67 11173700000387
20.80  0.042  0.64 11173700000387
20.71  0.036  0.80 11173700000387
22.06  0.131  0.52 11173700000393
22.40  0.165  0.80 11173700000393
20.38  0.029  0.52 11173700000399
20.32  0.028  0.67 11173700000399
20.30  0.027  0.64 11173700000399
16.45  0.001  0.52 11173700000401
16.45  0.002  0.67 11173700000401
21.31  0.067  0.52 11173700000403
21.25  0.057  0.80 11173700000403
15.93  0.001  0.52 11173700000407
15.92  0.001  0.67 11173700000407
15.92  0.001  0.80 11173700000407
20.50  0.032  0.52 11173700000411
20.45  0.031  0.67 11173700000411
20.47  0.032  0.64 11173700000411
20.47  0.028  0.80 11173700000411
21.17  0.058  0.52 11173700000412
21.20  0.060  0.67 11173700000412
21.10  0.056  0.64 11173700000412
21.13  0.051  0.80 11173700000412
20.41  0.029  0.52 11173700000414
20.39  0.029  0.67 11173700000414
20.36  0.029  0.64 11173700000414
20.43  0.027  0.80 11173700000414
17.54  0.003  0.86 11173700000416
17.58  0.003  0.67 11173700000416
17.59  0.003  0.64 11173700000416
17.56  0.003  0.80 11173700000416
19.10  0.010  0.52 11173700000417
19.09  0.009  0.86 11173700000417
19.09  0.010  0.67 11173700000417
19.10  0.010  0.64 11173700000417
19.06  0.009  0.80 11173700000417
15.52  0.001  0.52 11173700000418
15.53  0.001  0.86 11173700000418
15.53  0.001  0.67 11173700000418
15.53  0.001  0.64 11173700000418
18.45  0.006  0.52 11173700000419
18.43  0.005  0.86 11173700000419
18.45  0.006  0.64 11173700000419
16.59  0.002  0.52 11173700000422
16.59  0.002  0.67 11173700000422
16.59  0.002  0.64 11173700000422
16.59  0.002  0.80 11173700000422
17.53  0.003  0.52 11173700000424
17.54  0.003  0.86 11173700000424
17.54  0.003  0.67 11173700000424
17.53  0.003  0.64 11173700000424
17.53  0.003  0.80 11173700000424
19.63  0.015  0.52 11173700000427
19.65  0.015  0.67 11173700000427
19.61  0.015  0.64 11173700000427
19.63  0.014  0.80 11173700000427
20.38  0.029  0.52 11173700000428
20.36  0.029  0.64 11173700000428
20.43  0.027  0.80 11173700000428
18.95  0.009  0.52 11173700000430
18.93  0.009  0.64 11173700000430
18.93  0.008  0.80 11173700000430
19.67  0.016  0.52 11173700000431
19.66  0.016  0.64 11173700000431
19.68  0.014  0.80 11173700000431
18.47  0.006  0.52 11173700000433
18.47  0.006  0.64 11173700000433
18.48  0.006  0.80 11173700000433
22.03  0.129  0.52 11173700000434
21.96  0.108  0.80 11173700000434
22.21  0.157  0.64 11173700000436
21.64  0.090  0.52 11173700000437
21.64  0.082  0.80 11173700000437
18.95  0.009  0.52 11173700000439
18.93  0.008  0.86 11173700000439
18.93  0.011  0.52 11173700000439
18.95  0.008  0.67 11173700000439
18.93  0.009  0.64 11173700000439
18.93  0.008  0.80 11173700000439
20.23  0.025  0.52 11173700000442
20.24  0.023  0.86 11173700000442
20.25  0.036  0.52 11173700000442
20.27  0.026  0.67 11173700000442
20.19  0.025  0.64 11173700000442
20.21  0.023  0.80 11173700000442
19.66  0.016  0.52 11173700000443
19.66  0.014  0.86 11173700000443
19.64  0.021  0.52 11173700000443
19.66  0.015  0.67 11173700000443
19.66  0.016  0.64 11173700000443
19.63  0.014  0.80 11173700000443
16.08  0.001  0.52 11173700000446
16.09  0.001  0.67 11173700000446
16.08  0.001  0.64 11173700000446
16.09  0.001  0.80 11173700000446
18.57  0.006  0.52 11173700000447
18.55  0.006  0.67 11173700000447
19.90  0.019  0.52 11173700000452
19.91  0.019  0.67 11173700000452
19.88  0.018  0.64 11173700000452
19.35  0.012  0.52 11173700000453
19.36  0.012  0.67 11173700000453
19.37  0.012  0.64 11173700000453
16.69  0.002  0.52 11173700000454
16.70  0.002  0.67 11173700000454
16.70  0.002  0.64 11173700000454
19.90  0.019  0.52 11173700000455
19.90  0.019  0.67 11173700000455
19.89  0.018  0.64 11173700000455
18.74  0.007  0.52 11173700000457
18.75  0.007  0.64 11173700000457
18.73  0.007  0.80 11173700000457
19.30  0.011  0.52 11173700000459
19.31  0.011  0.64 11173700000459
19.31  0.011  0.80 11173700000459
20.21  0.025  0.52 11173700000460
20.22  0.025  0.67 11173700000460
20.23  0.025  0.64 11173700000460
20.22  0.025  0.52 11173700000461
20.18  0.024  0.67 11173700000461
20.19  0.024  0.64 11173700000461
20.02  0.021  0.52 11173700000463
20.00  0.020  0.64 11173700000463
20.04  0.020  0.80 11173700000463
20.21  0.025  0.52 11173700000465
20.20  0.025  0.67 11173700000465
20.25  0.025  0.64 11173700000465
18.58  0.006  0.52 11173700000466
18.60  0.007  0.67 11173700000466
18.60  0.006  0.64 11173700000466
17.69  0.003  0.52 11173700000467
17.71  0.003  0.67 11173700000467
17.70  0.003  0.64 11173700000467
19.19  0.010  0.52 11173700000468
19.20  0.011  0.67 11173700000468
19.22  0.010  0.64 11173700000468
18.32  0.005  0.52 11173700000469
18.34  0.005  0.64 11173700000469
18.32  0.005  0.80 11173700000469
20.21  0.025  0.52 11173700000470
20.17  0.024  0.67 11173700000470
20.20  0.025  0.64 11173700000470
21.22  0.062  0.52 11173700000471
21.20  0.060  0.67 11173700000471
21.19  0.061  0.64 11173700000471
21.08  0.048  0.80 11173700000471
21.19  0.060  0.52 11173700000475
21.26  0.064  0.67 11173700000475
21.21  0.062  0.64 11173700000475
21.26  0.057  0.80 11173700000475
20.41  0.030  0.52 11173700000476
20.40  0.030  0.67 11173700000476
20.42  0.030  0.64 11173700000476
19.40  0.013  0.52 11173700000480
19.42  0.013  0.67 11173700000480
19.43  0.012  0.64 11173700000480
20.46  0.031  0.52 11173700000481
20.55  0.034  0.67 11173700000481
20.55  0.033  0.64 11173700000481
21.85  0.110  0.52 11173700000482
21.53  0.082  0.67 11173700000482
21.55  0.085  0.64 11173700000482
21.55  0.077  0.80 11173700000482
21.75  0.099  0.52 11173700000484
21.70  0.097  0.67 11173700000484
21.70  0.097  0.64 11173700000484
21.82  0.099  0.80 11173700000484
15.09  0.001  0.52 11173700000485
15.09  0.001  0.67 11173700000485
15.99  0.001  0.52 11173700000488
18.68  0.007  0.52 11173700000489
18.68  0.007  0.67 11173700000489
18.66  0.007  0.64 11173700000489
15.16  0.001  0.67 11173700000490
14.83  0.001  0.52 11173700000492
17.38  0.003  0.52 11173700000495
17.39  0.003  0.67 11173700000495
17.39  0.003  0.64 11173700000495
20.97  0.045  0.86 11173700000499
21.12  0.058  0.74 11173700000499
21.02  0.061  0.49 11173700000499
22.14  0.131  0.86 11173700000505
21.91  0.110  0.86 11173700000509
22.20  0.158  0.74 11173700000509
21.52  0.074  0.86 11173700000514
21.70  0.132  0.52 11173700000514
21.60  0.077  0.80 11173700000514
21.58  0.103  0.49 11173700000514
21.26  0.058  0.86 11173700000524
21.43  0.103  0.52 11173700000524
21.27  0.057  0.80 11173700000524
21.54  0.098  0.49 11173700000524
21.16  0.053  0.86 11173700000525
21.05  0.055  0.74 11173700000525
21.11  0.049  0.80 11173700000525
21.14  0.052  0.86 11173700000528
21.20  0.081  0.52 11173700000528
21.10  0.049  0.80 11173700000528
21.12  0.067  0.49 11173700000528
21.90  0.103  0.80 11173700000529
22.52  0.182  0.80 11173700000533
21.36  0.063  0.86 11173700000538
21.40  0.097  0.52 11173700000538
21.48  0.069  0.80 11173700000538
21.49  0.094  0.49 11173700000538
21.34  0.062  0.86 11173700000540
21.46  0.106  0.52 11173700000540
21.36  0.062  0.80 11173700000540
21.44  0.090  0.49 11173700000540
21.67  0.084  0.86 11173700000544
21.57  0.118  0.52 11173700000544
21.60  0.078  0.80 11173700000544
21.62  0.107  0.49 11173700000544
18.22  0.005  0.86 11173700000550
18.23  0.004  0.80 11173700000550
18.23  0.006  0.49 11173700000550
20.83  0.039  0.86 11173700000553
20.76  0.054  0.52 11173700000553
20.85  0.039  0.80 11173700000553
20.88  0.054  0.49 11173700000553
21.73  0.087  0.86 11173700000560
21.69  0.130  0.52 11173700000560
21.76  0.088  0.80 11173700000560
21.45  0.091  0.49 11173700000560
22.19  0.152  0.83 11173700000563
21.99  0.109  0.86 11173700000565
21.79  0.142  0.52 11173700000565
21.78  0.092  0.80 11173700000565
21.81  0.127  0.49 11173700000565
17.74  0.003  0.86 11173700000568
17.73  0.003  0.80 11173700000568
22.37  0.183  0.67 11173700000579
22.52  0.199  0.80 11173700000579
22.37  0.182  0.86 11173700000587
22.39  0.164  0.80 11173700000587
19.45  0.013  0.52 11173700000590
19.44  0.012  0.86 11173700000590
19.43  0.017  0.52 11173700000590
19.42  0.011  0.80 11173700000590
19.47  0.016  0.49 11173700000590
21.54  0.074  0.86 11173700000599
21.52  0.114  0.52 11173700000599
21.49  0.072  0.80 11173700000599
21.99  0.112  0.86 11173700000600
22.04  0.128  0.80 11173700000600
22.10  0.128  0.86 11173700000601
21.92  0.105  0.80 11173700000601
20.88  0.046  0.52 11173700000605
20.91  0.041  0.86 11173700000605
20.87  0.061  0.52 11173700000605
20.78  0.042  0.67 11173700000605
20.91  0.041  0.80 11173700000605
20.85  0.053  0.49 11173700000605
22.53  0.219  0.80 11173700000612
22.25  0.200  0.80 11173700000614
21.39  0.063  0.86 11173700000625
17.66  0.003  0.52 11173700000636
17.67  0.003  0.86 11173700000636
17.66  0.004  0.52 11173700000636
17.67  0.003  0.67 11173700000636
17.68  0.003  0.64 11173700000636
17.67  0.004  0.49 11173700000636
20.29  0.027  0.52 11173700000639
20.32  0.025  0.86 11173700000639
20.29  0.036  0.52 11173700000639
20.32  0.028  0.67 11173700000639
20.35  0.029  0.64 11173700000639
20.27  0.023  0.80 11173700000639
20.32  0.033  0.49 11173700000639
21.01  0.045  0.86 11173700000652
21.10  0.075  0.52 11173700000652
21.16  0.052  0.80 11173700000652
20.91  0.041  0.86 11173700000654
20.94  0.042  0.80 11173700000654
19.70  0.016  0.52 11173700000656
19.72  0.015  0.86 11173700000656
19.77  0.023  0.52 11173700000656
19.72  0.016  0.67 11173700000656
19.75  0.017  0.64 11173700000656
19.71  0.014  0.80 11173700000656
19.75  0.020  0.49 11173700000656
19.74  0.017  0.52 11173700000658
19.74  0.015  0.86 11173700000658
19.74  0.022  0.52 11173700000658
19.75  0.017  0.67 11173700000658
19.73  0.015  0.80 11173700000658
19.74  0.020  0.49 11173700000658
18.28  0.005  0.52 11173700000666
18.28  0.005  0.86 11173700000666
18.29  0.007  0.52 11173700000666
18.29  0.005  0.67 11173700000666
18.28  0.005  0.64 11173700000666
18.28  0.005  0.80 11173700000666
18.27  0.006  0.49 11173700000666
22.51  0.186  0.86 11173700000671
22.19  0.135  0.80 11173700000671
22.46  0.194  0.80 11173700000672
16.11  0.001  0.52 11173700000681
16.11  0.001  0.86 11173700000681
16.11  0.001  0.52 11173700000681
16.11  0.001  0.64 11173700000681
16.11  0.001  0.80 11173700000681
16.62  0.002  0.52 11173700000684
16.62  0.002  0.86 11173700000684
16.63  0.002  0.52 11173700000684
16.63  0.002  0.67 11173700000684
16.62  0.002  0.64 11173700000684
16.63  0.002  0.80 11173700000684
16.62  0.002  0.49 11173700000684
21.10  0.049  0.86 11173700000689
21.21  0.085  0.52 11173700000689
21.12  0.051  0.80 11173700000689
21.15  0.052  0.86 11173700000690
21.15  0.078  0.52 11173700000690
21.18  0.054  0.80 11173700000690
22.19  0.154  0.67 11173700000696
22.26  0.148  0.86 11173700000714
20.71  0.034  0.86 11173700000720
20.62  0.048  0.52 11173700000720
20.65  0.039  0.83 11173700000720
22.35  0.155  0.86 11173700000722
21.33  0.059  0.86 11173700000724
21.09  0.075  0.52 11173700000724
21.94  0.110  0.86 11173700000733
21.88  0.105  0.80 11173700000733
22.00  0.111  0.86 11173700000734
22.09  0.122  0.80 11173700000734
21.54  0.074  0.86 11173700000741
21.50  0.070  0.80 11173700000741
21.77  0.105  0.67 11173700000746
18.58  0.006  0.86 11173700000747
18.58  0.008  0.52 11173700000747
18.57  0.006  0.80 11173700000747
22.11  0.129  0.86 11173700000757
22.22  0.144  0.80 11173700000757
22.01  0.153  0.49 11173700000757
18.97  0.008  0.86 11173700000765
18.96  0.011  0.52 11173700000765
18.94  0.008  0.80 11173700000765
22.33  0.171  0.80 11173700000766
22.44  0.170  0.86 11173700000776
22.23  0.153  0.67 11173700000776
22.19  0.141  0.80 11173700000776
22.19  0.136  0.86 11173700000777
22.12  0.123  0.80 11173700000777
21.87  0.137  0.49 11173700000777
21.36  0.062  0.86 11173700000778
21.45  0.108  0.52 11173700000778
21.38  0.069  0.67 11173700000778
21.31  0.058  0.80 11173700000778
21.25  0.077  0.49 11173700000778
22.22  0.161  0.67 11173700000783
22.34  0.178  0.80 11173700000783
21.91  0.102  0.86 11173700000786
21.89  0.104  0.80 11173700000786
17.74  0.004  0.52 11173700000792
17.74  0.003  0.80 11173700000792
20.50  0.043  0.52 11173700000793
19.38  0.011  0.86 11173700000797
19.37  0.012  0.67 11173700000797
19.36  0.011  0.80 11173700000797
21.30  0.057  0.86 11173700000801
21.32  0.090  0.52 11173700000801
19.73  0.015  0.86 11173700000804
19.71  0.016  0.67 11173700000804
19.73  0.015  0.80 11173700000804
19.59  0.015  0.52 11173700000805
19.58  0.013  0.86 11173700000805
19.55  0.013  0.80 11173700000805
21.34  0.072  0.52 11173700000806
21.30  0.058  0.86 11173700000806
21.27  0.063  0.67 11173700000806
21.31  0.058  0.80 11173700000806
16.07  0.001  0.86 11173700000811
16.06  0.001  0.80 11173700000811
22.25  0.140  0.86 11173700000813
22.48  0.173  0.80 11173700000813
19.59  0.013  0.86 11173700000820
19.52  0.018  0.52 11173700000820
19.57  0.013  0.80 11173700000820
22.33  0.154  0.86 11173700000821
21.50  0.070  0.86 11173700000823
21.87  0.152  0.52 11173700000823
20.85  0.038  0.86 11173700000824
20.75  0.054  0.52 11173700000824
20.79  0.037  0.80 11173700000824
18.74  0.007  0.86 11173700000825
18.75  0.009  0.52 11173700000825
21.47  0.081  0.52 11173700000827
21.30  0.059  0.86 11173700000827
21.43  0.065  0.80 11173700000827
21.20  0.063  0.52 11173700000828
21.23  0.054  0.86 11173700000828
21.22  0.086  0.52 11173700000828
21.19  0.058  0.67 11173700000828
21.39  0.062  0.80 11173700000828
22.13  0.126  0.86 11173700000839
21.44  0.067  0.86 11173700000842
21.11  0.078  0.52 11173700000842
19.54  0.013  0.86 11173700000845
19.56  0.014  0.67 11173700000845
19.58  0.013  0.80 11173700000845
21.03  0.046  0.86 11173700000847
20.97  0.068  0.52 11173700000847
20.92  0.045  0.67 11173700000847
21.00  0.044  0.80 11173700000847
22.40  0.164  0.80 11173700000853
20.87  0.040  0.86 11173700000855
21.02  0.049  0.67 11173700000855
20.99  0.044  0.80 11173700000855
22.29  0.156  0.86 11173700000858
22.21  0.149  0.67 11173700000858
22.01  0.115  0.86 11173700000861
22.16  0.140  0.67 11173700000861
22.06  0.119  0.80 11173700000861
19.56  0.013  0.86 11173700000863
19.58  0.019  0.52 11173700000863
19.57  0.013  0.80 11173700000863
21.48  0.110  0.52 11173700000864
21.66  0.089  0.67 11173700000864
20.88  0.040  0.86 11173700000866
20.99  0.069  0.52 11173700000866
20.88  0.040  0.80 11173700000866
17.20  0.003  0.52 11173700000869
19.16  0.009  0.86 11173700000873
19.17  0.009  0.80 11173700000873
20.92  0.041  0.86 11173700000876
20.87  0.061  0.52 11173700000876
20.87  0.040  0.80 11173700000876
22.49  0.187  0.86 11173700000878
20.79  0.037  0.86 11173700000886
20.72  0.054  0.52 11173700000886
20.78  0.042  0.67 11173700000886
20.67  0.033  0.80 11173700000886
19.93  0.017  0.86 11173700000887
19.98  0.027  0.52 11173700000887
19.95  0.020  0.67 11173700000887
19.93  0.018  0.80 11173700000887
18.21  0.004  0.86 11173700000888
18.20  0.006  0.52 11173700000888
18.23  0.005  0.67 11173700000888
18.22  0.005  0.80 11173700000888
20.94  0.042  0.86 11173700000891
20.86  0.060  0.52 11173700000891
20.90  0.046  0.67 11173700000891
20.91  0.041  0.80 11173700000891
19.03  0.008  0.86 11173700000892
19.03  0.012  0.52 11173700000892
19.03  0.009  0.67 11173700000892
19.04  0.008  0.80 11173700000892
18.75  0.007  0.86 11173700000893
18.74  0.009  0.52 11173700000893
18.76  0.008  0.67 11173700000893
18.75  0.007  0.80 11173700000893
20.94  0.042  0.86 11173700000899
20.96  0.066  0.52 11173700000899
20.91  0.045  0.67 11173700000899
21.01  0.044  0.80 11173700000899
20.84  0.053  0.49 11173700000899
20.79  0.037  0.86 11173700000907
20.78  0.037  0.80 11173700000907
22.23  0.138  0.86 11173700000910
22.35  0.156  0.80 11173700000910
22.41  0.164  0.86 11173700000914
22.06  0.185  0.52 11173700000914
22.20  0.139  0.86 11173700000919
22.15  0.145  0.67 11173700000919
22.36  0.168  0.80 11173700000919
14.93  0.001  0.67 11173700000925
20.86  0.039  0.86 11173700000928
20.76  0.057  0.52 11173700000928
20.82  0.043  0.67 11173700000928
20.80  0.038  0.80 11173700000928
21.87  0.099  0.86 11173700000931
21.94  0.120  0.67 11173700000931
22.08  0.128  0.80 11173700000931
18.60  0.008  0.52 11173700000943
18.61  0.007  0.67 11173700000943
21.34  0.060  0.86 11173700000944
21.52  0.109  0.52 11173700000944
22.44  0.172  0.86 11173700000946
22.31  0.157  0.86 11173700000948
21.67  0.089  0.86 11173700000954
21.58  0.079  0.80 11173700000954
22.26  0.148  0.80 11173700000961
21.66  0.125  0.52 11173700000965
21.47  0.079  0.67 11173700000965
17.08  0.002  0.86 11173700000967
17.09  0.003  0.52 11173700000967
17.08  0.002  0.80 11173700000967
22.20  0.143  0.86 11173700000970
21.86  0.154  0.52 11173700000970
22.10  0.143  0.67 11173700000970
21.93  0.105  0.80 11173700000970
21.86  0.099  0.86 11173700000973
21.68  0.128  0.52 11173700000973
22.08  0.140  0.67 11173700000973
21.89  0.103  0.80 11173700000973
21.71  0.084  0.86 11173700000990
21.67  0.126  0.52 11173700000990
19.65  0.014  0.86 11173700000993
19.67  0.016  0.67 11173700000993
19.66  0.014  0.80 11173700000993
21.04  0.046  0.86 11173700001003
20.98  0.065  0.52 11173700001003
21.07  0.049  0.80 11173700001003
17.51  0.003  0.86 11173700001005
17.53  0.004  0.52 11173700001005
17.52  0.003  0.80 11173700001005
19.01  0.011  0.52 11173700001009
19.01  0.009  0.80 11173700001009
21.22  0.081  0.52 11173700001010
18.27  0.005  0.86 11173700001016
18.27  0.006  0.52 11173700001016
18.28  0.005  0.80 11173700001016
22.36  0.156  0.86 11173700001027
22.12  0.145  0.67 11173700001027
17.52  0.003  0.86 11173700001032
17.52  0.004  0.52 11173700001032
17.53  0.003  0.80 11173700001032
15.20  0.001  0.86 11173700001035
15.20  0.001  0.52 11173700001035
22.01  0.110  0.86 11173700001037
21.93  0.163  0.52 11173700001037
21.96  0.128  0.67 11173700001037
22.27  0.144  0.80 11173700001037
17.06  0.002  0.86 11173700001040
17.06  0.002  0.80 11173700001040
