19.7030  0.0159  0.5153 11173700000001
19.7303  0.0217  0.5160 11173700000001
19.7207  0.0145  0.8041 11173700000001
19.7344  0.0198  0.4918 11173700000001
17.4413  0.0027  0.5153 11173700000002
17.4589  0.0035  0.5160 11173700000002
17.4451  0.0026  0.8041 11173700000002
17.4521  0.0032  0.4918 11173700000002
17.6702  0.0032  0.5153 11173700000004
17.6811  0.0041  0.5160 11173700000004
17.6718  0.0031  0.8041 11173700000004
20.8698  0.0448  0.5153 11173700000006
20.7821  0.0559  0.5160 11173700000006
20.8245  0.0379  0.8041 11173700000006
20.9051  0.0624  0.5160 11173700000011
20.9318  0.0568  0.4918 11173700000011
18.2073  0.0048  0.5153 11173700000012
18.2099  0.0061  0.5160 11173700000012
18.2109  0.0045  0.8041 11173700000012
22.4536  0.1785  0.8041 11173700000013
21.5446  0.0833  0.5153 11173700000015
21.6692  0.0823  0.8557 11173700000015
21.6539  0.1249  0.5160 11173700000015
21.4764  0.0934  0.4918 11173700000015
20.4905  0.0285  0.8557 11173700000016
21.0926  0.0549  0.5153 11173700000017
20.9301  0.0415  0.8557 11173700000017
21.1894  0.0826  0.5160 11173700000017
20.9659  0.0586  0.4918 11173700000017
22.1440  0.1462  0.5153 11173700000018
22.1922  0.1451  0.8041 11173700000018
19.4434  0.0131  0.5153 11173700000019
19.4353  0.0114  0.8557 11173700000019
19.4086  0.0165  0.5160 11173700000019
19.4404  0.0131  0.6710 11173700000019
19.4180  0.0115  0.8041 11173700000019
19.4394  0.0151  0.4918 11173700000019
18.3470  0.0053  0.5153 11173700000021
18.3492  0.0049  0.8557 11173700000021
18.3433  0.0068  0.5160 11173700000021
18.3548  0.0055  0.6710 11173700000021
18.3440  0.0050  0.8041 11173700000021
18.3461  0.0061  0.4918 11173700000021
20.4415  0.0312  0.5153 11173700000023
20.4202  0.0263  0.8557 11173700000023
20.4216  0.0402  0.5160 11173700000023
20.4801  0.0321  0.6710 11173700000023
20.4440  0.0273  0.8041 11173700000023
20.4119  0.0356  0.4918 11173700000023
15.6741  0.0009  0.5153 11173700000025
15.6748  0.0009  0.8557 11173700000025
15.6675  0.0011  0.5160 11173700000025
15.6770  0.0010  0.6710 11173700000025
15.6774  0.0009  0.8041 11173700000025
15.6791  0.0010  0.4918 11173700000025
19.1388  0.0098  0.5153 11173700000028
19.1279  0.0120  0.5083 11173700000028
19.1325  0.0133  0.5160 11173700000028
19.1377  0.0093  0.8041 11173700000028
19.0884  0.0113  0.4918 11173700000028
17.1106  0.0022  0.5153 11173700000030
17.1077  0.0026  0.5083 11173700000030
17.1065  0.0028  0.5160 11173700000030
17.1054  0.0021  0.8041 11173700000030
17.4509  0.0028  0.5153 11173700000032
17.4500  0.0033  0.5083 11173700000032
17.4409  0.0035  0.5160 11173700000032
17.4528  0.0027  0.8041 11173700000032
17.9403  0.0039  0.5153 11173700000034
17.9507  0.0047  0.5083 11173700000034
17.9410  0.0051  0.5160 11173700000034
17.9443  0.0037  0.8041 11173700000034
21.3922  0.0719  0.5153 11173700000036
21.3378  0.0961  0.5160 11173700000036
21.4886  0.0693  0.8041 11173700000036
21.4577  0.0929  0.4918 11173700000036
19.6408  0.0153  0.5153 11173700000037
19.6156  0.0138  0.8557 11173700000037
19.6506  0.0206  0.5160 11173700000037
19.6638  0.0156  0.6710 11173700000037
19.6334  0.0157  0.6367 11173700000037
19.6213  0.0133  0.8041 11173700000037
19.6460  0.0183  0.4918 11173700000037
14.8528  0.0006  0.5153 11173700000038
14.8557  0.0006  0.4918 11173700000038
22.0271  0.1298  0.5153 11173700000040
21.9796  0.1102  0.8557 11173700000040
22.2920  0.1623  0.6710 11173700000040
22.1384  0.1288  0.8041 11173700000040
17.7821  0.0033  0.8557 11173700000045
21.9381  0.1243  0.5153 11173700000049
21.8977  0.1007  0.8041 11173700000049
22.0401  0.1819  0.5160 11173700000053
22.4572  0.1790  0.8041 11173700000053
18.6100  0.0064  0.5153 11173700000057
18.5986  0.0079  0.5083 11173700000057
18.6043  0.0084  0.5160 11173700000057
18.5960  0.0061  0.8041 11173700000057
17.7546  0.0034  0.5153 11173700000058
17.7486  0.0041  0.5083 11173700000058
17.7532  0.0043  0.5160 11173700000058
17.7551  0.0033  0.8041 11173700000058
17.7547  0.0039  0.4918 11173700000058
19.8384  0.0177  0.5153 11173700000059
19.8626  0.0229  0.5083 11173700000059
19.8484  0.0243  0.5160 11173700000059
19.8993  0.0173  0.8041 11173700000059
18.1672  0.0046  0.5153 11173700000060
18.1499  0.0056  0.5083 11173700000060
18.1498  0.0059  0.5160 11173700000060
18.1394  0.0043  0.8041 11173700000060
18.1505  0.0052  0.4918 11173700000060
22.2438  0.1437  0.8041 11173700000062
17.1206  0.0022  0.5153 11173700000066
17.1196  0.0027  0.5160 11173700000066
17.1291  0.0021  0.8041 11173700000066
17.1274  0.0025  0.4918 11173700000066
18.7453  0.0072  0.5153 11173700000067
18.7323  0.0093  0.5160 11173700000067
18.7504  0.0084  0.4918 11173700000067
22.2599  0.1582  0.5153 11173700000072
22.2581  0.1595  0.6710 11173700000072
21.9996  0.1341  0.6367 11173700000072
22.1180  0.1249  0.8041 11173700000072
14.8444  0.0007  0.5160 11173700000073
14.9371  0.0006  0.5153 11173700000074
14.9438  0.0007  0.4918 11173700000074
20.9408  0.0471  0.5153 11173700000075
20.9287  0.0642  0.5160 11173700000075
20.8061  0.0375  0.8041 11173700000075
20.8456  0.0535  0.4918 11173700000075
22.3221  0.1546  0.8041 11173700000077
19.5537  0.0127  0.8041 11173700000082
19.3664  0.0109  0.8041 11173700000083
20.8457  0.0593  0.5160 11173700000084
20.7625  0.0360  0.8041 11173700000084
21.3908  0.0695  0.5153 11173700000087
21.5327  0.1227  0.5160 11173700000087
21.3527  0.0701  0.6367 11173700000087
21.4505  0.0677  0.8041 11173700000087
21.5351  0.1182  0.5160 11173700000090
21.2846  0.0631  0.5153 11173700000092
21.3066  0.0958  0.5160 11173700000092
21.4046  0.0649  0.8041 11173700000092
22.2509  0.1587  0.6710 11173700000093
22.1854  0.1524  0.6367 11173700000093
21.4010  0.0704  0.5153 11173700000095
21.3035  0.0957  0.5160 11173700000095
21.4545  0.0682  0.8041 11173700000095
21.2058  0.0588  0.5153 11173700000096
21.3029  0.0995  0.5160 11173700000096
21.2404  0.0556  0.8041 11173700000096
21.2594  0.0942  0.5160 11173700000097
21.0661  0.0535  0.6710 11173700000097
21.1722  0.0524  0.8041 11173700000097
15.3836  0.0008  0.5153 11173700000100
15.3887  0.0009  0.5160 11173700000100
15.3796  0.0008  0.8041 11173700000100
22.3847  0.1732  0.5153 11173700000101
21.4326  0.0725  0.5153 11173700000104
21.3675  0.0635  0.8557 11173700000104
21.2839  0.0914  0.5160 11173700000104
21.3040  0.0668  0.6710 11173700000104
21.4045  0.0726  0.6367 11173700000104
22.3478  0.1603  0.8557 11173700000106
21.9698  0.1186  0.5153 11173700000107
21.7996  0.0953  0.8557 11173700000107
21.6959  0.1352  0.5160 11173700000107
21.8905  0.1107  0.5153 11173700000108
21.7480  0.0906  0.8557 11173700000108
21.9615  0.1757  0.5160 11173700000108
22.0372  0.1189  0.8041 11173700000108
21.5102  0.0783  0.5153 11173700000110
21.6838  0.1359  0.5160 11173700000110
21.5623  0.0828  0.6710 11173700000110
21.4437  0.0754  0.6367 11173700000110
22.3884  0.1708  0.8041 11173700000111
22.0327  0.1261  0.5153 11173700000112
22.1133  0.1279  0.8557 11173700000112
22.0634  0.1343  0.6710 11173700000112
22.0359  0.1301  0.6367 11173700000112
21.9142  0.1130  0.5153 11173700000114
22.5181  0.1838  0.8557 11173700000114
22.0984  0.1372  0.6710 11173700000114
21.9753  0.1290  0.6367 11173700000114
22.3283  0.1508  0.8041 11173700000114
22.0419  0.1269  0.5153 11173700000116
22.2289  0.1410  0.8557 11173700000116
22.1088  0.1420  0.6367 11173700000116
22.2066  0.1410  0.8041 11173700000116
22.2771  0.1583  0.5153 11173700000117
22.2940  0.1666  0.6367 11173700000117
17.6352  0.0031  0.5153 11173700000120
17.6191  0.0040  0.5160 11173700000120
17.6324  0.0032  0.6367 11173700000120
15.6064  0.0009  0.5153 11173700000121
15.6015  0.0011  0.5160 11173700000121
15.6065  0.0009  0.6367 11173700000121
18.4796  0.0058  0.5153 11173700000123
18.4682  0.0077  0.5160 11173700000123
18.4780  0.0059  0.6710 11173700000123
21.4396  0.0742  0.5153 11173700000124
21.2806  0.1030  0.5160 11173700000124
21.5208  0.0801  0.6710 11173700000124
21.3676  0.0630  0.8041 11173700000124
21.9875  0.1229  0.6710 11173700000125
22.2688  0.1448  0.8557 11173700000126
21.3944  0.0709  0.5153 11173700000128
21.4696  0.0684  0.8557 11173700000128
21.3304  0.0967  0.5160 11173700000128
21.3020  0.0589  0.8041 11173700000128
19.9973  0.0204  0.5153 11173700000132
19.9779  0.0277  0.5160 11173700000132
20.0113  0.0208  0.6710 11173700000132
21.1437  0.0573  0.6710 11173700000133
21.0359  0.0528  0.6367 11173700000133
21.0804  0.0494  0.8041 11173700000133
21.4698  0.0756  0.5153 11173700000138
21.8149  0.1067  0.6710 11173700000138
21.6524  0.0971  0.6367 11173700000138
21.5492  0.0758  0.8041 11173700000138
20.9486  0.0474  0.5153 11173700000140
20.9664  0.0487  0.6710 11173700000140
21.0263  0.0530  0.6367 11173700000140
20.8435  0.0393  0.8041 11173700000140
17.3189  0.0025  0.5153 11173700000144
17.3272  0.0026  0.6710 11173700000144
17.3217  0.0026  0.6367 11173700000144
20.9299  0.0463  0.5153 11173700000148
20.8682  0.0446  0.6710 11173700000148
20.9207  0.0480  0.6367 11173700000148
20.9448  0.0430  0.8041 11173700000148
20.0081  0.0203  0.5153 11173700000150
20.0171  0.0215  0.6367 11173700000150
19.9889  0.0186  0.8041 11173700000150
18.5702  0.0062  0.5153 11173700000151
18.5738  0.0065  0.6367 11173700000151
18.5720  0.0059  0.8041 11173700000151
18.1392  0.0044  0.5153 11173700000152
18.1540  0.0047  0.6367 11173700000152
18.1438  0.0043  0.8041 11173700000152
20.0874  0.0219  0.5153 11173700000156
20.0823  0.0224  0.6710 11173700000156
20.1082  0.0229  0.6367 11173700000156
20.0962  0.0217  0.8041 11173700000156
22.1076  0.1357  0.5153 11173700000157
22.1056  0.1280  0.8557 11173700000157
21.9677  0.1202  0.6710 11173700000157
22.0814  0.1406  0.6367 11173700000157
22.1366  0.1293  0.8041 11173700000157
20.4171  0.0292  0.5153 11173700000159
20.2978  0.0270  0.6710 11173700000159
20.3784  0.0291  0.6367 11173700000159
20.3535  0.0269  0.8041 11173700000159
20.4271  0.0295  0.5153 11173700000161
20.4067  0.0297  0.6710 11173700000161
20.4149  0.0301  0.6367 11173700000161
20.4092  0.0280  0.8041 11173700000161
20.3508  0.0277  0.5153 11173700000162
20.3691  0.0287  0.6710 11173700000162
20.4186  0.0302  0.6367 11173700000162
20.3937  0.0276  0.8041 11173700000162
17.0415  0.0022  0.6710 11173700000164
17.0427  0.0022  0.6367 11173700000164
17.0475  0.0021  0.8041 11173700000164
21.1758  0.0579  0.5153 11173700000165
22.3015  0.1686  0.6710 11173700000180
22.1808  0.1462  0.5153 11173700000181
19.1035  0.0093  0.5153 11173700000183
19.0736  0.0132  0.5160 11173700000183
19.0909  0.0096  0.6710 11173700000183
19.0792  0.0097  0.6367 11173700000183
19.1058  0.0089  0.8041 11173700000183
20.1033  0.0224  0.5153 11173700000187
20.0928  0.0315  0.5160 11173700000187
20.0701  0.0218  0.6710 11173700000187
20.1160  0.0233  0.6367 11173700000187
20.1051  0.0205  0.8041 11173700000187
20.0479  0.0214  0.5153 11173700000188
20.0145  0.0207  0.6710 11173700000188
20.0256  0.0215  0.6367 11173700000188
20.0198  0.0190  0.8041 11173700000188
20.7819  0.0405  0.5153 11173700000189
20.8099  0.0425  0.6710 11173700000189
18.6848  0.0067  0.5153 11173700000192
18.6928  0.0070  0.6710 11173700000192
18.7005  0.0072  0.6367 11173700000192
18.6852  0.0064  0.8041 11173700000192
19.9575  0.0196  0.5153 11173700000195
19.9721  0.0281  0.5160 11173700000195
19.9949  0.0203  0.6710 11173700000195
19.9682  0.0204  0.6367 11173700000195
20.8363  0.0606  0.5160 11173700000196
19.9100  0.0188  0.5153 11173700000197
19.8943  0.0261  0.5160 11173700000197
19.9221  0.0190  0.6710 11173700000197
19.9110  0.0194  0.6367 11173700000197
18.2678  0.0049  0.5153 11173700000198
18.2657  0.0066  0.5160 11173700000198
18.2755  0.0050  0.6710 11173700000198
18.2657  0.0051  0.6367 11173700000198
19.6443  0.0150  0.5153 11173700000200
19.6716  0.0156  0.6710 11173700000200
19.6638  0.0161  0.6367 11173700000200
19.6720  0.0141  0.8041 11173700000200
20.8150  0.0418  0.5153 11173700000201
20.9380  0.0665  0.5160 11173700000201
20.9565  0.0473  0.6710 11173700000201
20.8820  0.0456  0.6367 11173700000201
20.8273  0.0384  0.8041 11173700000201
20.7740  0.0404  0.5153 11173700000203
20.8102  0.0594  0.5160 11173700000203
20.8142  0.0418  0.6710 11173700000203
20.7387  0.0402  0.6367 11173700000203
20.7839  0.0371  0.8041 11173700000203
16.2559  0.0013  0.5153 11173700000205
16.2530  0.0016  0.5160 11173700000205
16.2532  0.0013  0.8041 11173700000205
16.2536  0.0013  0.5153 11173700000207
16.2472  0.0013  0.8557 11173700000207
16.2450  0.0016  0.5160 11173700000207
16.2455  0.0013  0.6710 11173700000207
16.2508  0.0014  0.6367 11173700000207
16.2521  0.0013  0.8041 11173700000207
16.2503  0.0014  0.4918 11173700000207
20.3195  0.0268  0.5153 11173700000208
20.3523  0.0257  0.8557 11173700000208
20.3112  0.0271  0.6710 11173700000208
20.3861  0.0294  0.6367 11173700000208
20.3290  0.0248  0.8041 11173700000208
20.2655  0.0316  0.4918 11173700000208
18.6437  0.0065  0.5153 11173700000209
18.6405  0.0088  0.5160 11173700000209
18.6418  0.0068  0.6710 11173700000209
18.6326  0.0067  0.6367 11173700000209
18.6266  0.0061  0.8041 11173700000209
18.6413  0.0079  0.4918 11173700000209
14.9188  0.0007  0.5160 11173700000212
14.9266  0.0006  0.6710 11173700000212
16.0545  0.0011  0.5153 11173700000214
16.0598  0.0012  0.6710 11173700000214
16.0623  0.0012  0.6367 11173700000214
22.0803  0.1333  0.5153 11173700000215
22.0688  0.1221  0.8041 11173700000215
18.3483  0.0053  0.5153 11173700000216
18.3614  0.0054  0.6710 11173700000216
18.3562  0.0054  0.6367 11173700000216
21.3583  0.0687  0.5153 11173700000219
21.5283  0.0731  0.8041 11173700000219
21.1671  0.0579  0.5153 11173700000220
16.9863  0.0020  0.5153 11173700000221
17.0000  0.0021  0.6710 11173700000221
16.9930  0.0021  0.6367 11173700000221
22.0918  0.1343  0.5153 11173700000224
21.9394  0.1071  0.8041 11173700000224
22.3579  0.1735  0.6710 11173700000226
17.9293  0.0038  0.5153 11173700000227
17.9390  0.0039  0.6710 11173700000227
17.9376  0.0040  0.6367 11173700000227
21.3713  0.0696  0.5153 11173700000229
21.3157  0.0605  0.8041 11173700000229
18.3057  0.0051  0.5153 11173700000230
18.3060  0.0052  0.6710 11173700000230
18.3055  0.0052  0.6367 11173700000230
18.3093  0.0049  0.8041 11173700000230
15.9964  0.0011  0.5153 11173700000231
15.9944  0.0011  0.6710 11173700000231
15.9931  0.0011  0.6367 11173700000231
15.9905  0.0011  0.8041 11173700000231
19.3262  0.0114  0.5153 11173700000232
19.3456  0.0118  0.6710 11173700000232
19.3112  0.0116  0.6367 11173700000232
19.3151  0.0106  0.8041 11173700000232
18.4623  0.0057  0.5153 11173700000233
18.4693  0.0059  0.6710 11173700000233
18.4639  0.0059  0.6367 11173700000233
18.4681  0.0055  0.8041 11173700000233
18.8273  0.0076  0.5153 11173700000234
18.8362  0.0078  0.6710 11173700000234
18.8209  0.0078  0.6367 11173700000234
18.8161  0.0072  0.8041 11173700000234
19.0631  0.0092  0.5153 11173700000235
19.0534  0.0093  0.6710 11173700000235
19.0692  0.0095  0.6367 11173700000235
19.0710  0.0087  0.8041 11173700000235
19.9991  0.0205  0.5153 11173700000237
19.9957  0.0206  0.6710 11173700000237
19.9659  0.0206  0.6367 11173700000237
19.9619  0.0182  0.8041 11173700000237
21.4537  0.0749  0.5153 11173700000238
21.6055  0.0790  0.8041 11173700000238
19.6486  0.0150  0.5153 11173700000239
19.7013  0.0160  0.6710 11173700000239
19.6944  0.0160  0.6367 11173700000239
19.6726  0.0143  0.8041 11173700000239
20.9706  0.0483  0.5153 11173700000240
20.9497  0.0480  0.6710 11173700000240
21.0539  0.0540  0.6367 11173700000240
20.9984  0.0452  0.8041 11173700000240
20.7060  0.0379  0.5153 11173700000242
20.6545  0.0366  0.6710 11173700000242
20.5784  0.0347  0.6367 11173700000242
20.6548  0.0332  0.8041 11173700000242
21.4784  0.0766  0.5153 11173700000243
21.4568  0.0678  0.8041 11173700000243
21.4445  0.0739  0.5153 11173700000244
21.3463  0.0686  0.6710 11173700000244
21.3038  0.0664  0.6367 11173700000244
21.2848  0.0587  0.8041 11173700000244
21.1214  0.0556  0.5153 11173700000247
21.0976  0.0548  0.6710 11173700000247
21.1589  0.0593  0.6367 11173700000247
21.0258  0.0462  0.8041 11173700000247
21.0954  0.0541  0.5153 11173700000250
21.0685  0.0532  0.6710 11173700000250
21.0536  0.0545  0.6367 11173700000250
21.0980  0.0496  0.8041 11173700000250
20.8426  0.0428  0.5153 11173700000255
20.8212  0.0425  0.6710 11173700000255
20.8762  0.0451  0.6367 11173700000255
20.7615  0.0366  0.8041 11173700000255
21.8808  0.1104  0.5153 11173700000256
21.8090  0.1007  0.8041 11173700000256
21.0726  0.0526  0.5153 11173700000259
21.1513  0.0568  0.6710 11173700000259
21.1274  0.0566  0.6367 11173700000259
21.1209  0.0502  0.8041 11173700000259
20.7285  0.0385  0.5153 11173700000260
20.6719  0.0371  0.6710 11173700000260
20.6397  0.0364  0.6367 11173700000260
20.6802  0.0342  0.8041 11173700000260
16.5300  0.0015  0.5153 11173700000261
16.5339  0.0016  0.6367 11173700000261
16.5202  0.0015  0.8041 11173700000261
20.5950  0.0341  0.5153 11173700000262
20.6325  0.0362  0.6367 11173700000262
20.6055  0.0318  0.8041 11173700000262
19.2272  0.0105  0.5153 11173700000264
19.2130  0.0106  0.6367 11173700000264
19.2105  0.0098  0.8041 11173700000264
18.8577  0.0077  0.5153 11173700000265
18.8580  0.0080  0.6367 11173700000265
18.8538  0.0074  0.8041 11173700000265
19.0732  0.0092  0.5153 11173700000266
19.0552  0.0093  0.6367 11173700000266
19.0956  0.0089  0.8041 11173700000266
17.7631  0.0034  0.5153 11173700000268
17.7689  0.0035  0.6710 11173700000268
17.7625  0.0033  0.8041 11173700000268
19.6080  0.0144  0.5153 11173700000269
19.6218  0.0136  0.8041 11173700000269
22.2325  0.1759  0.8041 11173700000270
22.0700  0.1323  0.5153 11173700000275
22.0977  0.1415  0.6367 11173700000275
22.2296  0.1518  0.8041 11173700000275
19.4338  0.0127  0.5153 11173700000277
19.3984  0.0122  0.6367 11173700000277
19.6271  0.0149  0.5153 11173700000280
16.0578  0.0012  0.5153 11173700000282
14.9572  0.0006  0.5153 11173700000290
19.4456  0.0128  0.5153 11173700000291
19.4264  0.0119  0.8041 11173700000291
20.5828  0.0347  0.5153 11173700000295
20.5654  0.0341  0.6710 11173700000295
20.5560  0.0310  0.8041 11173700000295
17.2841  0.0025  0.5153 11173700000297
17.2838  0.0025  0.6710 11173700000297
17.2875  0.0025  0.6367 11173700000297
20.8124  0.0417  0.5153 11173700000299
20.8280  0.0440  0.6710 11173700000299
20.8297  0.0396  0.8041 11173700000299
19.9461  0.0194  0.5153 11173700000300
19.9149  0.0196  0.6710 11173700000300
19.9320  0.0181  0.8041 11173700000300
20.4155  0.0293  0.5153 11173700000303
20.3861  0.0298  0.6710 11173700000303
20.3686  0.0264  0.8041 11173700000303
20.0763  0.0216  0.5153 11173700000306
20.0380  0.0219  0.6710 11173700000306
20.0412  0.0199  0.8041 11173700000306
16.6043  0.0016  0.5153 11173700000309
16.6090  0.0017  0.6710 11173700000309
16.6029  0.0016  0.8041 11173700000309
17.1947  0.0023  0.5153 11173700000311
17.1863  0.0024  0.6710 11173700000311
17.1946  0.0023  0.8041 11173700000311
19.0626  0.0092  0.5153 11173700000312
19.0460  0.0095  0.6710 11173700000312
19.0429  0.0087  0.8041 11173700000312
18.0349  0.0041  0.5153 11173700000313
18.0248  0.0043  0.6710 11173700000313
18.0386  0.0041  0.8041 11173700000313
17.2974  0.0025  0.5153 11173700000314
17.2950  0.0025  0.6367 11173700000314
17.2990  0.0024  0.8041 11173700000314
18.6753  0.0067  0.5153 11173700000315
18.6709  0.0070  0.6710 11173700000315
18.6743  0.0065  0.8041 11173700000315
21.4457  0.0742  0.5153 11173700000319
21.5700  0.0860  0.6710 11173700000319
21.3906  0.0709  0.6367 11173700000319
21.5939  0.0790  0.8041 11173700000319
22.1443  0.1423  0.5153 11173700000320
22.1018  0.1355  0.8041 11173700000320
20.5441  0.0330  0.5153 11173700000322
20.4867  0.0322  0.6710 11173700000322
20.5135  0.0323  0.6367 11173700000322
20.9466  0.0472  0.5153 11173700000323
20.9553  0.0491  0.6710 11173700000323
20.9545  0.0478  0.6367 11173700000323
20.9310  0.0436  0.8041 11173700000323
20.5250  0.0329  0.6710 11173700000324
20.5174  0.0329  0.6367 11173700000324
20.5131  0.0297  0.8041 11173700000324
17.9897  0.0040  0.5153 11173700000327
17.9993  0.0042  0.6710 11173700000327
18.0007  0.0041  0.6367 11173700000327
21.0265  0.0531  0.5153 11173700000332
20.9303  0.0480  0.6710 11173700000332
20.7513  0.0413  0.5153 11173700000334
20.7885  0.0421  0.6710 11173700000334
20.7840  0.0404  0.6367 11173700000334
20.8547  0.0452  0.5153 11173700000336
20.9261  0.0476  0.6710 11173700000336
20.8278  0.0421  0.6367 11173700000336
15.6786  0.0010  0.5153 11173700000338
15.6832  0.0010  0.6710 11173700000338
15.6825  0.0009  0.6367 11173700000338
19.9377  0.0200  0.5153 11173700000341
19.9395  0.0199  0.6710 11173700000341
19.9210  0.0190  0.6367 11173700000341
18.0238  0.0042  0.5153 11173700000343
18.0231  0.0042  0.6367 11173700000343
18.0223  0.0042  0.8041 11173700000343
21.1557  0.0592  0.5153 11173700000345
21.2105  0.0614  0.6710 11173700000345
21.1226  0.0556  0.6367 11173700000345
21.2214  0.0596  0.8041 11173700000345
22.2477  0.1611  0.5153 11173700000347
22.3296  0.1696  0.6367 11173700000347
16.3434  0.0014  0.5153 11173700000349
16.3479  0.0014  0.6367 11173700000349
16.3410  0.0014  0.8041 11173700000349
21.2514  0.0650  0.5153 11173700000351
21.1333  0.0574  0.6710 11173700000351
21.1416  0.0566  0.6367 11173700000351
21.2293  0.0595  0.8041 11173700000351
22.1511  0.1451  0.6367 11173700000352
22.1522  0.1464  0.8041 11173700000352
19.9988  0.0210  0.5153 11173700000357
19.9776  0.0204  0.6367 11173700000357
19.9534  0.0192  0.8041 11173700000357
21.0284  0.0524  0.5153 11173700000358
21.0478  0.0524  0.6710 11173700000358
21.0241  0.0518  0.6367 11173700000358
21.0844  0.0522  0.8041 11173700000358
20.8299  0.0437  0.5153 11173700000359
20.8355  0.0435  0.6710 11173700000359
20.8109  0.0428  0.6367 11173700000359
20.8292  0.0415  0.8041 11173700000359
18.2878  0.0051  0.5153 11173700000363
18.3034  0.0052  0.6710 11173700000363
18.2975  0.0052  0.6367 11173700000363
18.3184  0.0050  0.8041 11173700000363
21.0451  0.0538  0.5153 11173700000364
21.0159  0.0512  0.6710 11173700000364
20.9667  0.0480  0.6367 11173700000364
21.0396  0.0495  0.8041 11173700000364
21.5036  0.0819  0.5153 11173700000366
21.5540  0.0833  0.6710 11173700000366
21.5425  0.0820  0.6367 11173700000366
21.5216  0.0794  0.8041 11173700000366
20.8919  0.0462  0.5153 11173700000367
20.9216  0.0467  0.6710 11173700000367
20.8890  0.0460  0.6367 11173700000367
20.8541  0.0413  0.8041 11173700000367
17.5599  0.0031  0.6710 11173700000373
21.5747  0.0862  0.6710 11173700000374
21.5767  0.0855  0.6367 11173700000374
21.7696  0.1045  0.8041 11173700000374
21.6898  0.0939  0.5153 11173700000377
21.9115  0.1040  0.8041 11173700000377
21.9924  0.1230  0.5153 11173700000378
21.8818  0.1148  0.6710 11173700000378
22.0459  0.1293  0.5153 11173700000380
22.1405  0.1450  0.6710 11173700000380
16.4263  0.0014  0.5153 11173700000381
16.4250  0.0015  0.6367 11173700000381
20.9778  0.0506  0.5153 11173700000382
20.9666  0.0492  0.6710 11173700000382
20.9507  0.0475  0.6367 11173700000382
20.9419  0.0453  0.8041 11173700000382
19.1073  0.0099  0.5153 11173700000384
19.1115  0.0099  0.6710 11173700000384
19.1091  0.0097  0.6367 11173700000384
20.9347  0.0492  0.5153 11173700000385
20.9808  0.0497  0.6710 11173700000385
20.9865  0.0493  0.6367 11173700000385
20.9097  0.0434  0.8041 11173700000385
20.8579  0.0453  0.5153 11173700000387
20.7746  0.0414  0.6710 11173700000387
20.7999  0.0418  0.6367 11173700000387
20.7141  0.0364  0.8041 11173700000387
22.0597  0.1308  0.5153 11173700000393
22.3974  0.1649  0.8041 11173700000393
20.3822  0.0286  0.5153 11173700000399
20.3230  0.0277  0.6710 11173700000399
20.2985  0.0271  0.6367 11173700000399
16.4530  0.0015  0.5153 11173700000401
16.4487  0.0015  0.6710 11173700000401
21.3105  0.0667  0.5153 11173700000403
21.2524  0.0569  0.8041 11173700000403
15.9255  0.0011  0.5153 11173700000407
15.9213  0.0011  0.6710 11173700000407
15.9223  0.0011  0.8041 11173700000407
20.5027  0.0319  0.5153 11173700000411
20.4498  0.0308  0.6710 11173700000411
20.4727  0.0317  0.6367 11173700000411
20.4669  0.0283  0.8041 11173700000411
21.1744  0.0583  0.5153 11173700000412
21.1987  0.0601  0.6710 11173700000412
21.1036  0.0561  0.6367 11173700000412
21.1260  0.0507  0.8041 11173700000412
20.4090  0.0293  0.5153 11173700000414
20.3861  0.0291  0.6710 11173700000414
20.3558  0.0289  0.6367 11173700000414
20.4331  0.0275  0.8041 11173700000414
17.5424  0.0029  0.8557 11173700000416
17.5780  0.0031  0.6710 11173700000416
17.5884  0.0031  0.6367 11173700000416
17.5564  0.0029  0.8041 11173700000416
19.0982  0.0096  0.5153 11173700000417
19.0851  0.0091  0.8557 11173700000417
19.0888  0.0095  0.6710 11173700000417
19.0983  0.0098  0.6367 11173700000417
19.0632  0.0087  0.8041 11173700000417
15.5239  0.0009  0.5153 11173700000418
15.5252  0.0009  0.8557 11173700000418
15.5274  0.0009  0.6710 11173700000418
15.5308  0.0009  0.6367 11173700000418
18.4458  0.0057  0.5153 11173700000419
18.4279  0.0055  0.8557 11173700000419
18.4481  0.0059  0.6367 11173700000419
16.5941  0.0016  0.5153 11173700000422
16.5902  0.0016  0.6710 11173700000422
16.5894  0.0016  0.6367 11173700000422
16.5859  0.0016  0.8041 11173700000422
17.5321  0.0029  0.5153 11173700000424
17.5359  0.0029  0.8557 11173700000424
17.5361  0.0029  0.6710 11173700000424
17.5323  0.0030  0.6367 11173700000424
17.5283  0.0028  0.8041 11173700000424
19.6337  0.0151  0.5153 11173700000427
19.6473  0.0152  0.6710 11173700000427
19.6125  0.0150  0.6367 11173700000427
19.6312  0.0137  0.8041 11173700000427
20.3850  0.0291  0.5153 11173700000428
20.3648  0.0289  0.6367 11173700000428
20.4343  0.0274  0.8041 11173700000428
18.9495  0.0085  0.5153 11173700000430
18.9324  0.0085  0.6367 11173700000430
18.9320  0.0078  0.8041 11173700000430
19.6700  0.0156  0.5153 11173700000431
19.6607  0.0156  0.6367 11173700000431
19.6795  0.0144  0.8041 11173700000431
18.4698  0.0058  0.5153 11173700000433
18.4659  0.0059  0.6367 11173700000433
18.4773  0.0055  0.8041 11173700000433
22.0339  0.1290  0.5153 11173700000434
21.9592  0.1083  0.8041 11173700000434
22.2084  0.1568  0.6367 11173700000436
21.6362  0.0904  0.5153 11173700000437
21.6394  0.0817  0.8041 11173700000437
18.9461  0.0086  0.5153 11173700000439
18.9335  0.0078  0.8557 11173700000439
18.9332  0.0113  0.5160 11173700000439
18.9462  0.0084  0.6710 11173700000439
18.9253  0.0086  0.6367 11173700000439
18.9265  0.0078  0.8041 11173700000439
20.2330  0.0254  0.5153 11173700000442
20.2416  0.0232  0.8557 11173700000442
20.2468  0.0356  0.5160 11173700000442
20.2650  0.0256  0.6710 11173700000442
20.1936  0.0251  0.6367 11173700000442
20.2119  0.0225  0.8041 11173700000442
19.6586  0.0155  0.5153 11173700000443
19.6558  0.0141  0.8557 11173700000443
19.6400  0.0208  0.5160 11173700000443
19.6645  0.0151  0.6710 11173700000443
19.6568  0.0158  0.6367 11173700000443
19.6296  0.0137  0.8041 11173700000443
16.0799  0.0012  0.5153 11173700000446
16.0883  0.0012  0.6710 11173700000446
16.0844  0.0012  0.6367 11173700000446
16.0863  0.0012  0.8041 11173700000446
18.5691  0.0063  0.5153 11173700000447
18.5544  0.0063  0.6710 11173700000447
19.8966  0.0189  0.5153 11173700000452
19.9088  0.0195  0.6710 11173700000452
19.8777  0.0183  0.6367 11173700000452
19.3502  0.0118  0.5153 11173700000453
19.3572  0.0123  0.6710 11173700000453
19.3651  0.0118  0.6367 11173700000453
16.6941  0.0017  0.5153 11173700000454
16.7001  0.0018  0.6710 11173700000454
16.7026  0.0017  0.6367 11173700000454
19.8991  0.0191  0.5153 11173700000455
19.8979  0.0193  0.6710 11173700000455
19.8899  0.0184  0.6367 11173700000455
18.7396  0.0072  0.5153 11173700000457
18.7472  0.0072  0.6367 11173700000457
18.7266  0.0069  0.8041 11173700000457
19.3042  0.0114  0.5153 11173700000459
19.3150  0.0113  0.6367 11173700000459
19.3081  0.0110  0.8041 11173700000459
20.2085  0.0250  0.5153 11173700000460
20.2232  0.0254  0.6710 11173700000460
20.2275  0.0249  0.6367 11173700000460
20.2178  0.0254  0.5153 11173700000461
20.1822  0.0244  0.6710 11173700000461
20.1917  0.0242  0.6367 11173700000461
20.0188  0.0210  0.5153 11173700000463
19.9979  0.0203  0.6367 11173700000463
20.0445  0.0204  0.8041 11173700000463
20.2126  0.0252  0.5153 11173700000465
20.2003  0.0248  0.6710 11173700000465
20.2456  0.0253  0.6367 11173700000465
18.5780  0.0063  0.5153 11173700000466
18.5977  0.0065  0.6710 11173700000466
18.5992  0.0064  0.6367 11173700000466
17.6944  0.0033  0.5153 11173700000467
17.7062  0.0034  0.6710 11173700000467
17.7040  0.0033  0.6367 11173700000467
19.1942  0.0104  0.5153 11173700000468
19.2013  0.0106  0.6710 11173700000468
19.2177  0.0105  0.6367 11173700000468
18.3230  0.0052  0.5153 11173700000469
18.3371  0.0052  0.6367 11173700000469
18.3186  0.0050  0.8041 11173700000469
20.2116  0.0251  0.5153 11173700000470
20.1702  0.0238  0.6710 11173700000470
20.1952  0.0252  0.6367 11173700000470
21.2167  0.0616  0.5153 11173700000471
21.2034  0.0601  0.6710 11173700000471
21.1924  0.0609  0.6367 11173700000471
21.0766  0.0483  0.8041 11173700000471
21.1948  0.0599  0.5153 11173700000475
21.2626  0.0636  0.6710 11173700000475
21.2062  0.0619  0.6367 11173700000475
21.2617  0.0573  0.8041 11173700000475
20.4056  0.0299  0.5153 11173700000476
20.4007  0.0295  0.6710 11173700000476
20.4177  0.0295  0.6367 11173700000476
19.4043  0.0125  0.5153 11173700000480
19.4217  0.0127  0.6710 11173700000480
19.4263  0.0125  0.6367 11173700000480
20.4602  0.0312  0.5153 11173700000481
20.5527  0.0337  0.6710 11173700000481
20.5475  0.0329  0.6367 11173700000481
21.8470  0.1104  0.5153 11173700000482
21.5312  0.0815  0.6710 11173700000482
21.5539  0.0851  0.6367 11173700000482
21.5549  0.0774  0.8041 11173700000482
21.7479  0.0990  0.5153 11173700000484
21.7034  0.0966  0.6710 11173700000484
21.6994  0.0967  0.6367 11173700000484
21.8229  0.0993  0.8041 11173700000484
15.0937  0.0007  0.5153 11173700000485
15.0930  0.0007  0.6710 11173700000485
15.9921  0.0011  0.5153 11173700000488
18.6756  0.0070  0.5153 11173700000489
18.6797  0.0070  0.6710 11173700000489
18.6581  0.0069  0.6367 11173700000489
15.1598  0.0007  0.6710 11173700000490
14.8345  0.0006  0.5153 11173700000492
17.3837  0.0027  0.5153 11173700000495
17.3934  0.0027  0.6710 11173700000495
17.3880  0.0027  0.6367 11173700000495
20.9713  0.0450  0.8557 11173700000499
21.1160  0.0577  0.7400 11173700000499
21.0244  0.0606  0.4918 11173700000499
22.1389  0.1308  0.8557 11173700000505
21.9106  0.1095  0.8557 11173700000509
22.2016  0.1579  0.7400 11173700000509
21.5225  0.0739  0.8557 11173700000514
21.7003  0.1324  0.5160 11173700000514
21.5980  0.0771  0.8041 11173700000514
21.5836  0.1026  0.4918 11173700000514
21.2620  0.0580  0.8557 11173700000524
21.4251  0.1032  0.5160 11173700000524
21.2653  0.0567  0.8041 11173700000524
21.5429  0.0983  0.4918 11173700000524
21.1598  0.0534  0.8557 11173700000525
21.0512  0.0546  0.7400 11173700000525
21.1142  0.0491  0.8041 11173700000525
21.1389  0.0518  0.8557 11173700000528
21.1974  0.0808  0.5160 11173700000528
21.0991  0.0488  0.8041 11173700000528
21.1227  0.0670  0.4918 11173700000528
21.9038  0.1029  0.8041 11173700000529
22.5152  0.1823  0.8041 11173700000533
21.3614  0.0630  0.8557 11173700000538
21.3993  0.0970  0.5160 11173700000538
21.4822  0.0686  0.8041 11173700000538
21.4908  0.0941  0.4918 11173700000538
21.3433  0.0622  0.8557 11173700000540
21.4633  0.1064  0.5160 11173700000540
21.3636  0.0615  0.8041 11173700000540
21.4368  0.0899  0.4918 11173700000540
21.6734  0.0843  0.8557 11173700000544
21.5743  0.1184  0.5160 11173700000544
21.6010  0.0776  0.8041 11173700000544
21.6169  0.1066  0.4918 11173700000544
18.2221  0.0046  0.8557 11173700000550
18.2308  0.0045  0.8041 11173700000550
18.2295  0.0055  0.4918 11173700000550
20.8296  0.0390  0.8557 11173700000553
20.7578  0.0537  0.5160 11173700000553
20.8524  0.0386  0.8041 11173700000553
20.8828  0.0540  0.4918 11173700000553
21.7259  0.0872  0.8557 11173700000560
21.6923  0.1295  0.5160 11173700000560
21.7619  0.0877  0.8041 11173700000560
21.4532  0.0910  0.4918 11173700000560
22.1890  0.1519  0.8301 11173700000563
21.9891  0.1092  0.8557 11173700000565
21.7943  0.1423  0.5160 11173700000565
21.7825  0.0920  0.8041 11173700000565
21.8142  0.1274  0.4918 11173700000565
17.7355  0.0033  0.8557 11173700000568
17.7346  0.0032  0.8041 11173700000568
22.3672  0.1827  0.6710 11173700000579
22.5168  0.1988  0.8041 11173700000579
22.3717  0.1822  0.8557 11173700000587
22.3931  0.1641  0.8041 11173700000587
19.4485  0.0129  0.5153 11173700000590
19.4434  0.0116  0.8557 11173700000590
19.4334  0.0167  0.5160 11173700000590
19.4236  0.0114  0.8041 11173700000590
19.4724  0.0155  0.4918 11173700000590
21.5431  0.0741  0.8557 11173700000599
21.5249  0.1138  0.5160 11173700000599
21.4873  0.0720  0.8041 11173700000599
21.9874  0.1122  0.8557 11173700000600
22.0401  0.1283  0.8041 11173700000600
22.0957  0.1277  0.8557 11173700000601
21.9166  0.1047  0.8041 11173700000601
20.8771  0.0456  0.5153 11173700000605
20.9081  0.0405  0.8557 11173700000605
20.8704  0.0607  0.5160 11173700000605
20.7835  0.0421  0.6710 11173700000605
20.9140  0.0414  0.8041 11173700000605
20.8544  0.0529  0.4918 11173700000605
22.5326  0.2192  0.8041 11173700000612
22.2495  0.1995  0.8041 11173700000614
21.3899  0.0633  0.8557 11173700000625
17.6616  0.0032  0.5153 11173700000636
17.6687  0.0032  0.8557 11173700000636
17.6641  0.0041  0.5160 11173700000636
17.6677  0.0033  0.6710 11173700000636
17.6794  0.0034  0.6367 11173700000636
17.6678  0.0037  0.4918 11173700000636
20.2926  0.0268  0.5153 11173700000639
20.3178  0.0251  0.8557 11173700000639
20.2918  0.0364  0.5160 11173700000639
20.3229  0.0275  0.6710 11173700000639
20.3477  0.0292  0.6367 11173700000639
20.2731  0.0234  0.8041 11173700000639
20.3179  0.0331  0.4918 11173700000639
21.0051  0.0446  0.8557 11173700000652
21.0998  0.0753  0.5160 11173700000652
21.1555  0.0520  0.8041 11173700000652
20.9082  0.0411  0.8557 11173700000654
20.9369  0.0424  0.8041 11173700000654
19.7037  0.0161  0.5153 11173700000656
19.7244  0.0151  0.8557 11173700000656
19.7660  0.0228  0.5160 11173700000656
19.7230  0.0164  0.6710 11173700000656
19.7491  0.0174  0.6367 11173700000656
19.7055  0.0143  0.8041 11173700000656
19.7475  0.0200  0.4918 11173700000656
19.7438  0.0167  0.5153 11173700000658
19.7384  0.0153  0.8557 11173700000658
19.7352  0.0222  0.5160 11173700000658
19.7548  0.0168  0.6710 11173700000658
19.7338  0.0147  0.8041 11173700000658
19.7370  0.0198  0.4918 11173700000658
18.2806  0.0051  0.5153 11173700000666
18.2842  0.0049  0.8557 11173700000666
18.2862  0.0066  0.5160 11173700000666
18.2898  0.0052  0.6710 11173700000666
18.2750  0.0053  0.6367 11173700000666
18.2825  0.0047  0.8041 11173700000666
18.2731  0.0059  0.4918 11173700000666
22.5119  0.1863  0.8557 11173700000671
22.1864  0.1349  0.8041 11173700000671
22.4631  0.1944  0.8041 11173700000672
16.1120  0.0012  0.5153 11173700000681
16.1101  0.0012  0.8557 11173700000681
16.1083  0.0014  0.5160 11173700000681
16.1101  0.0013  0.6367 11173700000681
16.1127  0.0012  0.8041 11173700000681
16.6225  0.0016  0.5153 11173700000684
16.6227  0.0016  0.8557 11173700000684
16.6255  0.0020  0.5160 11173700000684
16.6284  0.0016  0.6710 11173700000684
16.6211  0.0017  0.6367 11173700000684
16.6263  0.0016  0.8041 11173700000684
16.6222  0.0018  0.4918 11173700000684
21.0983  0.0489  0.8557 11173700000689
21.2131  0.0851  0.5160 11173700000689
21.1197  0.0513  0.8041 11173700000689
21.1498  0.0516  0.8557 11173700000690
21.1475  0.0784  0.5160 11173700000690
21.1820  0.0537  0.8041 11173700000690
22.1945  0.1539  0.6710 11173700000696
22.2567  0.1485  0.8557 11173700000714
20.7073  0.0338  0.8557 11173700000720
20.6236  0.0481  0.5160 11173700000720
20.6515  0.0391  0.8301 11173700000720
22.3476  0.1549  0.8557 11173700000722
21.3281  0.0591  0.8557 11173700000724
21.0907  0.0745  0.5160 11173700000724
21.9418  0.1101  0.8557 11173700000733
21.8766  0.1048  0.8041 11173700000733
22.0043  0.1115  0.8557 11173700000734
22.0888  0.1224  0.8041 11173700000734
21.5408  0.0744  0.8557 11173700000741
21.4994  0.0701  0.8041 11173700000741
21.7674  0.1052  0.6710 11173700000746
18.5795  0.0059  0.8557 11173700000747
18.5782  0.0082  0.5160 11173700000747
18.5715  0.0059  0.8041 11173700000747
22.1062  0.1286  0.8557 11173700000757
22.2225  0.1442  0.8041 11173700000757
22.0149  0.1525  0.4918 11173700000757
18.9724  0.0080  0.8557 11173700000765
18.9642  0.0112  0.5160 11173700000765
18.9418  0.0079  0.8041 11173700000765
22.3290  0.1712  0.8041 11173700000766
22.4443  0.1699  0.8557 11173700000776
22.2325  0.1525  0.6710 11173700000776
22.1925  0.1407  0.8041 11173700000776
22.1947  0.1358  0.8557 11173700000777
22.1189  0.1234  0.8041 11173700000777
21.8734  0.1366  0.4918 11173700000777
21.3587  0.0624  0.8557 11173700000778
21.4536  0.1083  0.5160 11173700000778
21.3824  0.0695  0.6710 11173700000778
21.3070  0.0579  0.8041 11173700000778
21.2542  0.0768  0.4918 11173700000778
22.2240  0.1606  0.6710 11173700000783
22.3372  0.1777  0.8041 11173700000783
21.9052  0.1021  0.8557 11173700000786
21.8913  0.1036  0.8041 11173700000786
17.7443  0.0043  0.5160 11173700000792
17.7438  0.0032  0.8041 11173700000792
20.5040  0.0430  0.5160 11173700000793
19.3815  0.0111  0.8557 11173700000797
19.3710  0.0118  0.6710 11173700000797
19.3552  0.0106  0.8041 11173700000797
21.2968  0.0574  0.8557 11173700000801
21.3181  0.0903  0.5160 11173700000801
19.7261  0.0146  0.8557 11173700000804
19.7117  0.0158  0.6710 11173700000804
19.7348  0.0146  0.8041 11173700000804
19.5867  0.0152  0.5153 11173700000805
19.5827  0.0130  0.8557 11173700000805
19.5497  0.0125  0.8041 11173700000805
21.3423  0.0717  0.5153 11173700000806
21.2953  0.0582  0.8557 11173700000806
21.2730  0.0626  0.6710 11173700000806
21.3138  0.0585  0.8041 11173700000806
16.0658  0.0012  0.8557 11173700000811
16.0646  0.0011  0.8041 11173700000811
22.2530  0.1404  0.8557 11173700000813
22.4826  0.1733  0.8041 11173700000813
19.5875  0.0129  0.8557 11173700000820
19.5217  0.0179  0.5160 11173700000820
19.5700  0.0128  0.8041 11173700000820
22.3267  0.1537  0.8557 11173700000821
21.5026  0.0698  0.8557 11173700000823
21.8728  0.1515  0.5160 11173700000823
20.8495  0.0383  0.8557 11173700000824
20.7466  0.0542  0.5160 11173700000824
20.7901  0.0369  0.8041 11173700000824
18.7390  0.0066  0.8557 11173700000825
18.7513  0.0094  0.5160 11173700000825
21.4702  0.0814  0.5153 11173700000827
21.3000  0.0589  0.8557 11173700000827
21.4325  0.0654  0.8041 11173700000827
21.1986  0.0627  0.5153 11173700000828
21.2304  0.0545  0.8557 11173700000828
21.2160  0.0857  0.5160 11173700000828
21.1854  0.0580  0.6710 11173700000828
21.3881  0.0622  0.8041 11173700000828
22.1286  0.1264  0.8557 11173700000839
21.4430  0.0670  0.8557 11173700000842
21.1077  0.0779  0.5160 11173700000842
19.5425  0.0125  0.8557 11173700000845
19.5641  0.0139  0.6710 11173700000845
19.5767  0.0129  0.8041 11173700000845
21.0329  0.0458  0.8557 11173700000847
20.9713  0.0676  0.5160 11173700000847
20.9197  0.0454  0.6710 11173700000847
21.0033  0.0444  0.8041 11173700000847
22.3996  0.1636  0.8041 11173700000853
20.8722  0.0395  0.8557 11173700000855
21.0156  0.0493  0.6710 11173700000855
20.9855  0.0440  0.8041 11173700000855
22.2940  0.1564  0.8557 11173700000858
22.2109  0.1489  0.6710 11173700000858
22.0122  0.1153  0.8557 11173700000861
22.1578  0.1400  0.6710 11173700000861
22.0626  0.1192  0.8041 11173700000861
19.5608  0.0128  0.8557 11173700000863
19.5771  0.0192  0.5160 11173700000863
19.5736  0.0130  0.8041 11173700000863
21.4843  0.1097  0.5160 11173700000864
21.6613  0.0894  0.6710 11173700000864
20.8813  0.0398  0.8557 11173700000866
20.9883  0.0690  0.5160 11173700000866
20.8776  0.0398  0.8041 11173700000866
17.2035  0.0029  0.5160 11173700000869
19.1574  0.0092  0.8557 11173700000873
19.1667  0.0093  0.8041 11173700000873
20.9228  0.0413  0.8557 11173700000876
20.8736  0.0610  0.5160 11173700000876
20.8715  0.0402  0.8041 11173700000876
22.4874  0.1867  0.8557 11173700000878
20.7888  0.0367  0.8557 11173700000886
20.7203  0.0536  0.5160 11173700000886
20.7832  0.0417  0.6710 11173700000886
20.6652  0.0332  0.8041 11173700000886
19.9284  0.0173  0.8557 11173700000887
19.9759  0.0271  0.5160 11173700000887
19.9495  0.0201  0.6710 11173700000887
19.9326  0.0177  0.8041 11173700000887
18.2137  0.0045  0.8557 11173700000888
18.2046  0.0062  0.5160 11173700000888
18.2317  0.0050  0.6710 11173700000888
18.2198  0.0045  0.8041 11173700000888
20.9415  0.0418  0.8557 11173700000891
20.8626  0.0602  0.5160 11173700000891
20.9021  0.0464  0.6710 11173700000891
20.9080  0.0413  0.8041 11173700000891
19.0343  0.0083  0.8557 11173700000892
19.0329  0.0120  0.5160 11173700000892
19.0346  0.0093  0.6710 11173700000892
19.0376  0.0084  0.8041 11173700000892
18.7521  0.0067  0.8557 11173700000893
18.7404  0.0095  0.5160 11173700000893
18.7573  0.0075  0.6710 11173700000893
18.7530  0.0067  0.8041 11173700000893
20.9386  0.0423  0.8557 11173700000899
20.9639  0.0656  0.5160 11173700000899
20.9128  0.0451  0.6710 11173700000899
21.0056  0.0440  0.8041 11173700000899
20.8421  0.0529  0.4918 11173700000899
20.7881  0.0369  0.8557 11173700000907
20.7821  0.0367  0.8041 11173700000907
22.2300  0.1379  0.8557 11173700000910
22.3463  0.1562  0.8041 11173700000910
22.4082  0.1638  0.8557 11173700000914
22.0595  0.1847  0.5160 11173700000914
22.1955  0.1389  0.8557 11173700000919
22.1497  0.1446  0.6710 11173700000919
22.3613  0.1679  0.8041 11173700000919
14.9273  0.0007  0.6710 11173700000925
20.8617  0.0391  0.8557 11173700000928
20.7598  0.0567  0.5160 11173700000928
20.8217  0.0433  0.6710 11173700000928
20.8029  0.0377  0.8041 11173700000928
21.8748  0.0992  0.8557 11173700000931
21.9368  0.1197  0.6710 11173700000931
22.0807  0.1276  0.8041 11173700000931
18.5977  0.0081  0.5160 11173700000943
18.6117  0.0067  0.6710 11173700000943
21.3386  0.0602  0.8557 11173700000944
21.5245  0.1089  0.5160 11173700000944
22.4391  0.1724  0.8557 11173700000946
22.3108  0.1566  0.8557 11173700000948
21.6744  0.0891  0.8557 11173700000954
21.5771  0.0787  0.8041 11173700000954
22.2557  0.1479  0.8041 11173700000961
21.6560  0.1251  0.5160 11173700000965
21.4686  0.0795  0.6710 11173700000965
17.0838  0.0021  0.8557 11173700000967
17.0928  0.0026  0.5160 11173700000967
17.0772  0.0021  0.8041 11173700000967
22.2033  0.1426  0.8557 11173700000970
21.8637  0.1541  0.5160 11173700000970
22.0958  0.1430  0.6710 11173700000970
21.9274  0.1048  0.8041 11173700000970
21.8648  0.0987  0.8557 11173700000973
21.6761  0.1282  0.5160 11173700000973
22.0791  0.1398  0.6710 11173700000973
21.8911  0.1031  0.8041 11173700000973
21.7056  0.0839  0.8557 11173700000990
21.6713  0.1263  0.5160 11173700000990
19.6530  0.0138  0.8557 11173700000993
19.6740  0.0162  0.6710 11173700000993
19.6630  0.0138  0.8041 11173700000993
21.0439  0.0463  0.8557 11173700001003
20.9832  0.0650  0.5160 11173700001003
21.0667  0.0490  0.8041 11173700001003
17.5140  0.0028  0.8557 11173700001005
17.5278  0.0036  0.5160 11173700001005
17.5238  0.0029  0.8041 11173700001005
19.0149  0.0114  0.5160 11173700001009
19.0097  0.0085  0.8041 11173700001009
21.2220  0.0812  0.5160 11173700001010
18.2665  0.0047  0.8557 11173700001016
18.2720  0.0063  0.5160 11173700001016
18.2793  0.0049  0.8041 11173700001016
22.3619  0.1563  0.8557 11173700001027
22.1170  0.1452  0.6710 11173700001027
17.5168  0.0028  0.8557 11173700001032
17.5207  0.0036  0.5160 11173700001032
17.5287  0.0029  0.8041 11173700001032
15.2014  0.0007  0.8557 11173700001035
15.2044  0.0008  0.5160 11173700001035
22.0106  0.1104  0.8557 11173700001037
21.9322  0.1631  0.5160 11173700001037
21.9561  0.1275  0.6710 11173700001037
22.2654  0.1440  0.8041 11173700001037
17.0606  0.0021  0.8557 11173700001040
17.0586  0.0021  0.8041 11173700001040
